100 0.0146175586179324
100.03125 0.0146527413020959
100.0625 0.014688051091148
100.09375 0.0147234885977516
100.125 0.0147590544382634
100.15625 0.0147947492327608
100.1875 0.0148305736050685
100.21875 0.0148665281827862
100.25 0.0149026135973156
100.28125 0.0149388304838882
100.3125 0.0149751794815935
100.34375 0.0150116612334066
100.375 0.0150482763862168
100.40625 0.0150850255908565
100.4375 0.0151219095021294
100.46875 0.0151589287788404
100.5 0.0151960840838242
100.53125 0.0152333760839757
100.5625 0.0152708054502789
100.59375 0.015308372857838
100.625 0.0153460789859069
100.65625 0.0153839245179206
100.6875 0.0154219101415254
100.71875 0.0154600365486106
100.75 0.0154983044353398
100.78125 0.0155367145021823
100.8125 0.0155752674539456
100.84375 0.0156139639998072
100.875 0.0156528048533474
100.90625 0.015691790732582
100.9375 0.0157309223599955
100.96875 0.0157702004625743
101 0.0158096257718407
101.03125 0.0158491990238868
101.0625 0.0158889209594083
101.09375 0.0159287923237399
101.125 0.0159688138668896
101.15625 0.0160089863435738
101.1875 0.0160493105132534
101.21875 0.0160897871401691
101.25 0.0161304169933776
101.28125 0.0161712008467882
101.3125 0.0162121394791994
101.34375 0.0162532336743362
101.375 0.0162944842208872
101.40625 0.0163358919125429
101.4375 0.0163774575480329
101.46875 0.0164191819311653
101.5 0.0164610658708649
101.53125 0.0165031101812122
101.5625 0.0165453156814835
101.59375 0.01658768319619
101.625 0.0166302135551183
101.65625 0.0166729075933711
101.6875 0.0167157661514078
101.71875 0.0167587900750858
101.75 0.0168019802157022
101.78125 0.0168453374300359
101.8125 0.0168888625803898
101.84375 0.0169325565346338
101.875 0.0169764201662476
101.90625 0.0170204543543646
101.9375 0.0170646599838156
101.96875 0.0171090379451735
102 0.0171535891347973
102.03125 0.0171983144548782
102.0625 0.0172432148134844
102.09375 0.0172882911246075
102.125 0.0173335443082086
102.15625 0.0173789752902654
102.1875 0.0174245850028194
102.21875 0.0174703743840233
102.25 0.0175163443781894
102.28125 0.0175624959358381
102.3125 0.017608830013747
102.34375 0.0176553475750001
102.375 0.0177020495890379
102.40625 0.0177489370317077
102.4375 0.0177960108853147
102.46875 0.0178432721386728
102.5 0.0178907217871568
102.53125 0.0179383608327548
102.5625 0.0179861902841205
102.59375 0.0180342111566266
102.625 0.0180824244724187
102.65625 0.0181308312604696
102.6875 0.0181794325566338
102.71875 0.0182282294037028
102.75 0.0182772228514612
102.78125 0.0183264139567426
102.8125 0.0183758037834866
102.84375 0.0184253934027963
102.875 0.0184751838929962
102.90625 0.0185251763396904
102.9375 0.0185753718358219
102.96875 0.0186257714817318
103 0.0186763763852201
103.03125 0.0187271876616058
103.0625 0.0187782064337883
103.09375 0.0188294338323095
103.125 0.0188808709954161
103.15625 0.0189325190691225
103.1875 0.0189843792072749
103.21875 0.019036452571615
103.25 0.0190887403318454
103.28125 0.0191412436656947
103.3125 0.0191939637589839
103.34375 0.0192469018056931
103.375 0.0193000590080286
103.40625 0.0193534365764917
103.4375 0.0194070357299465
103.46875 0.0194608576956901
103.5 0.0195149037095221
103.53125 0.0195691750158155
103.5625 0.0196236728675882
103.59375 0.0196783985265752
103.625 0.0197333532633011
103.65625 0.0197885383571539
103.6875 0.0198439550964592
103.71875 0.019899604778555
103.75 0.0199554887098675
103.78125 0.020011608205988
103.8125 0.0200679645917491
103.84375 0.0201245592013037
103.875 0.0201813933782031
103.90625 0.0202384684754766
103.9375 0.0202957858557121
103.96875 0.0203533468911366
104 0.0204111529636989
104.03125 0.0204692054651513
104.0625 0.0205275057971341
104.09375 0.0205860553712592
104.125 0.0206448556091958
104.15625 0.0207039079427561
104.1875 0.0207632138139823
104.21875 0.0208227746752345
104.25 0.0208825919892792
104.28125 0.0209426672293787
104.3125 0.0210030018793821
104.34375 0.021063597433816
104.375 0.0211244553979768
104.40625 0.0211855772880246
104.4375 0.0212469646310765
104.46875 0.0213086189653022
104.5 0.0213705418400198
104.53125 0.0214327348157929
104.5625 0.0214951994645287
104.59375 0.0215579373695771
104.625 0.0216209501258301
104.65625 0.0216842393398238
104.6875 0.0217478066298397
104.71875 0.0218116536260081
104.75 0.0218757819704124
104.78125 0.021940193317194
104.8125 0.0220048893326591
104.84375 0.0220698716953855
104.875 0.0221351420963318
104.90625 0.0222007022389466
104.9375 0.0222665538392794
104.96875 0.0223326986260924
105 0.022399138340974
105.03125 0.0224658747384525
105.0625 0.022532909586112
105.09375 0.0226002446647088
105.125 0.0226678817682894
105.15625 0.0227358227043097
105.1875 0.0228040692937549
105.21875 0.0228726233712616
105.25 0.0229414867852404
105.28125 0.0230106613980004
105.3125 0.0230801490858742
105.34375 0.023149951739345
105.375 0.0232200712631749
105.40625 0.023290509576534
105.4375 0.0233612686131315
105.46875 0.0234323503213481
105.5 0.0235037566643692
105.53125 0.0235754896203206
105.5625 0.0236475511824044
105.59375 0.0237199433590375
105.625 0.0237926681739908
105.65625 0.02386572766653
105.6875 0.0239391238915585
105.71875 0.024012858919761
105.75 0.0240869348377489
105.78125 0.0241613537482081
105.8125 0.0242361177700469
105.84375 0.0243112290385468
105.875 0.0243866897055141
105.90625 0.0244625019394337
105.9375 0.0245386679256242
105.96875 0.0246151898663949
106 0.0246920699812042
106.03125 0.0247693105068202
106.0625 0.0248469136974828
106.09375 0.0249248818250674
106.125 0.0250032171792507
106.15625 0.025081922067678
106.1875 0.0251609988161328
106.21875 0.0252404497687079
106.25 0.0253202772879782
106.28125 0.025400483755176
106.3125 0.0254810715703679
106.34375 0.0255620431526336
106.375 0.0256434009402465
106.40625 0.0257251473908571
106.4375 0.0258072849816775
106.46875 0.0258898162096683
106.5 0.0259727435917281
106.53125 0.0260560696648843
106.5625 0.0261397969864862
106.59375 0.0262239281344012
106.625 0.0263084657072116
106.65625 0.026393412324415
106.6875 0.0264787706266264
106.71875 0.0265645432757824
106.75 0.026650732955348
106.78125 0.026737342370526
106.8125 0.0268243742484677
106.84375 0.0269118313384876
106.875 0.0269997164122789
106.90625 0.0270880322641328
106.9375 0.0271767817111594
106.96875 0.0272659675935116
107 0.0273555927746113
107.03125 0.0274456601413784
107.0625 0.0275361726044623
107.09375 0.0276271330984762
107.125 0.0277185445822337
107.15625 0.027810410038989
107.1875 0.0279027324766785
107.21875 0.0279955149281669
107.25 0.0280887604514946
107.28125 0.0281824721301287
107.3125 0.0282766530732174
107.34375 0.028371306415846
107.375 0.0284664353192975
107.40625 0.0285620429713149
107.4375 0.0286581325863672
107.46875 0.0287547074059188
107.5 0.0288517706987014
107.53125 0.0289493257609893
107.5625 0.0290473759168785
107.59375 0.0291459245185684
107.625 0.0292449749466468
107.65625 0.0293445306103791
107.6875 0.0294445949480002
107.71875 0.0295451714270099
107.75 0.0296462635444722
107.78125 0.0297478748273177
107.8125 0.0298500088326503
107.84375 0.0299526691480566
107.875 0.0300558593919203
107.90625 0.0301595832137386
107.9375 0.0302638442944444
107.96875 0.0303686463467311
108 0.0304739931153812
108.03125 0.0305798883776
108.0625 0.0306863359433522
108.09375 0.0307933396557033
108.125 0.0309009033911648
108.15625 0.0310090310600436
108.1875 0.0311177266067958
108.21875 0.0312269940103849
108.25 0.0313368372846443
108.28125 0.031447260478644
108.3125 0.031558267677062
108.34375 0.0316698630005606
108.375 0.0317820506061667
108.40625 0.0318948346876574
108.4375 0.0320082194759498
108.46875 0.0321222092394961
108.5 0.0322368082846835
108.53125 0.0323520209562386
108.5625 0.0324678516376377
108.59375 0.0325843047515216
108.625 0.0327013847601156
108.65625 0.032819096165655
108.6875 0.032937443510816
108.71875 0.0330564313791513
108.75 0.0331760643955325
108.78125 0.0332963472265967
108.8125 0.0334172845811997
108.84375 0.0335388812108744
108.875 0.0336611419102953
108.90625 0.0337840715177488
108.9375 0.0339076749156094
108.96875 0.0340319570308222
109 0.0341569228353913
109.03125 0.0342825773468746
109.0625 0.034408925628885
109.09375 0.0345359727915978
109.125 0.0346637239922649
109.15625 0.0347921844357354
109.1875 0.0349213593749831
109.21875 0.0350512541116408
109.25 0.0351818739965412
109.28125 0.0353132244302655
109.3125 0.0354453108636982
109.34375 0.0355781387985904
109.375 0.0357117137881289
109.40625 0.0358460414375139
109.4375 0.0359811274045443
109.46875 0.0361169774002096
109.5 0.0362535971892908
109.53125 0.0363909925909684
109.5625 0.036529169479439
109.59375 0.0366681337845395
109.625 0.0368078914923802
109.65625 0.0369484486459855
109.6875 0.0370898113459442
109.71875 0.037231985751067
109.75 0.0373749780790545
109.78125 0.0375187946071727
109.8125 0.0376634416729383
109.84375 0.0378089256748128
109.875 0.0379552530729066
109.90625 0.0381024303896916
109.9375 0.0382504642107243
109.96875 0.0383993611853783
110 0.0385491280275865
110.03125 0.0386997715165939
110.0625 0.0388512984977204
110.09375 0.0390037158831339
110.125 0.039157030652634
110.15625 0.0393112498544463
110.1875 0.0394663806060284
110.21875 0.0396224300948856
110.25 0.0397794055793987
110.28125 0.0399373143896637
110.3125 0.0400961639283416
110.34375 0.0402559616715213
110.375 0.0404167151695941
110.40625 0.04057843204814
110.4375 0.0407411200088268
110.46875 0.0409047868303214
110.5 0.0410694403692142
110.53125 0.041235088560956
110.5625 0.0414017394208085
110.59375 0.0415694010448079
110.625 0.0417380816107421
110.65625 0.0419077893791419
110.6875 0.0420785326942858
110.71875 0.0422503199852197
110.75 0.0424231597667902
110.78125 0.0425970606406935
110.8125 0.042772031296539
110.84375 0.0429480805129273
110.875 0.043125217158545
110.90625 0.0433034501932743
110.9375 0.0434827886693185
110.96875 0.0436632417323445
111 0.0438448186226407
111.03125 0.0440275286762927
111.0625 0.0442113813263754
111.09375 0.0443963861041626
111.125 0.0445825526403541
111.15625 0.044769890666321
111.1875 0.0449584100153688
111.21875 0.0451481206240194
111.25 0.0453390325333113
111.28125 0.0455311558901201
111.3125 0.0457245009484967
111.34375 0.0459190780710271
111.375 0.0461148977302111
111.40625 0.0463119705098618
111.4375 0.0465103071065258
111.46875 0.0467099183309252
111.5 0.0469108151094199
111.53125 0.0471130084854931
111.5625 0.0473165096212576
111.59375 0.0475213297989866
111.625 0.0477274804226654
111.65625 0.0479349730195684
111.6875 0.0481438192418586
111.71875 0.0483540308682119
111.75 0.0485656198054663
111.78125 0.0487785980902955
111.8125 0.0489929778909085
111.84375 0.0492087715087752
111.875 0.0494259913803779
111.90625 0.0496446500789905
111.9375 0.0498647603164841
111.96875 0.0500863349451612
112 0.0503093869596178
112.03125 0.0505339294986346
112.0625 0.0507599758470973
112.09375 0.0509875394379464
112.125 0.0512166338541587
112.15625 0.0514472728307579
112.1875 0.0516794702568581
112.21875 0.0519132401777386
112.25 0.0521485967969519
112.28125 0.0523855544784638
112.3125 0.0526241277488287
112.34375 0.0528643312993984
112.375 0.053106179988566
112.40625 0.0533496888440456
112.4375 0.0535948730651885
112.46875 0.0538417480253359
112.5 0.0540903292742099
112.53125 0.0543406325403418
112.5625 0.0545926737335408
112.59375 0.0548464689474012
112.625 0.0551020344618505
112.65625 0.0553593867457395
112.6875 0.055618542459473
112.71875 0.0558795184576841
112.75 0.0561423317919523
112.78125 0.0564069997135654
112.8125 0.0566735396763266
112.84375 0.0569419693394081
112.875 0.0572123065702513
112.90625 0.057484569447515
112.9375 0.0577587762640717
112.96875 0.0580349455300547
113 0.0583130959759541
113.03125 0.058593246555766
113.0625 0.0588754164501929
113.09375 0.0591596250698984
113.125 0.0594458920588158
113.15625 0.059734237297513
113.1875 0.060024680906613
113.21875 0.060317243250273
113.25 0.0606119449397221
113.28125 0.0609088068368583
113.3125 0.0612078500579081
113.34375 0.0615090959771464
113.375 0.0618125662306818
113.40625 0.0621182827203053
113.4375 0.0624262676174062
113.46875 0.0627365433669537
113.5 0.0630491326915491
113.53125 0.0633640585955465
113.5625 0.0636813443692453
113.59375 0.0640010135931558
113.625 0.0643230901423388
113.65625 0.0646475981908206
113.6875 0.0649745622160859
113.71875 0.0653040070036487
113.75 0.0656359576517042
113.78125 0.0659704395758621
113.8125 0.0663074785139638
113.84375 0.0666471005309852
113.875 0.0669893320240254
113.90625 0.0673341997273855
113.9375 0.0676817307177374
113.96875 0.0680319524193845
114 0.0683848926096179
114.03125 0.0687405794241677
114.0625 0.0690990413627532
114.09375 0.0694603072947331
114.125 0.0698244064648581
114.15625 0.0701913684991278
114.1875 0.0705612234107545
114.21875 0.0709340016062354
114.25 0.0713097338915361
114.28125 0.0716884514783875
114.3125 0.0720701859906988
114.34375 0.0724549694710877
114.375 0.0728428343875328
114.40625 0.0732338136401476
114.4375 0.0736279405680819
114.46875 0.0740252489565508
114.5 0.0744257730439949
114.53125 0.0748295475293752
114.5625 0.0752366075796047
114.59375 0.0756469888371194
114.625 0.0760607274275928
114.65625 0.0764778599677959
114.6875 0.076898423573607
114.71875 0.0773224558681728
114.75 0.077749994990226
114.78125 0.0781810796025617
114.8125 0.0786157489006764
114.84375 0.0790540426215727
114.875 0.0794960010527341
114.90625 0.0799416650412736
114.9375 0.0803910760032585
114.96875 0.0808442759332175
115 0.0813013074138328
115.03125 0.0817622136258211
115.0625 0.0822270383580086
115.09375 0.0826958260176039
115.125 0.0831686216406732
115.15625 0.0836454709028225
115.1875 0.0841264201300912
115.21875 0.0846115163100623
115.25 0.0851008071031936
115.28125 0.0855943408543758
115.3125 0.0860921666047214
115.34375 0.0865943341035906
115.375 0.0871008938208599
115.40625 0.0876118969594377
115.4375 0.0881273954680337
115.46875 0.0886474420541881
115.5 0.0891720901975656
115.53125 0.0897013941635211
115.5625 0.0902354090169435
115.59375 0.0907741906363835
115.625 0.091317795728473
115.65625 0.0918662818426417
115.6875 0.0924197073861393
115.71875 0.0929781316393696
115.75 0.0935416147715437
115.78125 0.0941102178566614
115.8125 0.0946840028898265
115.84375 0.0952630328039053
115.875 0.0958473714865373
115.90625 0.096437083797504
115.9375 0.0970322355864674
115.96875 0.0976328937110849
116 0.098239126055511
116.03125 0.0988510015492949
116.0625 0.0994685901866834
116.09375 0.100091963046339
116.125 0.100721192311486
116.15625 0.101356351290486
116.1875 0.101997514437871
116.21875 0.102644757375824
116.25 0.103298156916137
116.28125 0.103957791082642
116.3125 0.104623739134146
116.34375 0.105296081587859
116.375 0.105974900243351
116.40625 0.106660278207034
116.4375 0.10735229991719
116.46875 0.10805105116956
116.5 0.108756619143501
116.53125 0.109469092428737
116.5625 0.110188561052706
116.59375 0.110915116508529
116.625 0.111648851783612
116.65625 0.112389861388897
116.6875 0.113138241388783
116.71875 0.113894089431729
116.75 0.114657504781561
116.78125 0.115428588349497
116.8125 0.116207442726917
116.84375 0.116994172218887
116.875 0.117788882878467
116.90625 0.118591682541812
116.9375 0.119402680864105
116.96875 0.120221989356322
117 0.12104972142287
117.03125 0.121885992400114
117.0625 0.12273091959581
117.09375 0.123584622329485
117.125 0.124447221973775
117.15625 0.125318841996752
117.1875 0.126199608005269
117.21875 0.127089647789348
117.25 0.127989091367643
117.28125 0.128898071034006
117.3125 0.129816721405177
117.34375 0.130745179469653
117.375 0.131683584637742
117.40625 0.13263207879285
117.4375 0.13359080634404
117.46875 0.134559914279878
117.5 0.13553955222363
117.53125 0.136529872489822
117.5625 0.13753103014222
117.59375 0.138543183053264
117.625 0.139566491964998
117.65625 0.140601120551533
117.6875 0.141647235483102
117.71875 0.142705006491733
117.75 0.143774606438611
117.78125 0.144856211383151
117.8125 0.145950000653853
117.84375 0.147056156920987
117.875 0.148174866271149
117.90625 0.149306318283763
117.9375 0.150450706109569
117.96875 0.151608226551165
118 0.152779080145669
118.03125 0.153963471249548
118.0625 0.155161608125695
118.09375 0.156373703032815
118.125 0.157599972317189
118.15625 0.158840636506891
118.1875 0.160095920408533
118.21875 0.161366053206606
118.25 0.162651268565513
118.28125 0.163951804734365
118.3125 0.165267904654622
118.34375 0.166599816070684
118.375 0.167947791643503
118.40625 0.169312089067329
118.4375 0.170692971189671
118.46875 0.172090706134586
118.5 0.173505567429404
118.53125 0.17493783413498
118.5625 0.176387790979601
118.59375 0.177855728496666
118.625 0.179341943166245
118.65625 0.180846737560652
118.6875 0.182370420494166
118.71875 0.183913307177024
118.75 0.185475719373826
118.78125 0.187057985566504
118.8125 0.188660441121999
118.84375 0.190283428464796
118.875 0.191927297254493
118.90625 0.193592404568545
118.9375 0.195279115090387
118.96875 0.196987801303083
119 0.198718843688714
119.03125 0.200472630933681
119.0625 0.202249560140122
119.09375 0.204050037043667
119.125 0.205874476237728
119.15625 0.20772330140455
119.1875 0.209596945553274
119.21875 0.21149585126522
119.25 0.213420470946674
119.28125 0.215371267089411
119.3125 0.217348712539245
119.34375 0.21935329077287
119.375 0.221385496183295
119.40625 0.223445834374169
119.4375 0.225534822463312
119.46875 0.227652989395781
119.5 0.229800876266808
119.53125 0.231979036654967
119.5625 0.234188036965934
119.59375 0.236428456787222
119.625 0.238700889254296
119.65625 0.241005941428473
119.6875 0.243344234687041
119.71875 0.245716405126044
119.75 0.248123103976208
119.78125 0.250564998032478
119.8125 0.253042770097682
119.84375 0.255557119440854
119.875 0.258108762270746
119.90625 0.260698432225121
119.9375 0.26332688087641
119.96875 0.265994878254352
120 0.268703213386273
120.03125 0.271452694855672
120.0625 0.274244151379814
120.09375 0.27707843240707
120.125 0.279956408734755
120.15625 0.282878973148284
120.1875 0.285847041082443
120.21875 0.288861551305682
120.25 0.291923466628298
120.28125 0.295033774635479
120.3125 0.29819348844618
120.34375 0.301403647498873
120.375 0.304665318365228
120.40625 0.307979595592868
120.4375 0.311347602578357
120.46875 0.314770492471651
120.5 0.318249449113293
120.53125 0.321785688005685
120.5625 0.325380457319851
120.59375 0.329035038939126
120.625 0.332750749541326
120.65625 0.336528941720991
120.6875 0.34037100515336
120.71875 0.344278367801847
120.75 0.348252497170839
120.78125 0.352294901605729
120.8125 0.356407131642201
120.84375 0.360590781406852
120.875 0.364847490071364
120.90625 0.369178943362518
120.9375 0.373586875130461
120.96875 0.378073068977765
121 0.382639359951904
121.03125 0.387287636303943
121.0625 0.392019841316333
121.09375 0.39683797520286
121.125 0.401744097083959
121.15625 0.406740327040711
121.1875 0.411828848251078
121.21875 0.417011909212022
121.25 0.422291826051409
121.28125 0.427670984933727
121.3125 0.433151844563904
121.34375 0.438736938793667
121.375 0.444428879335159
121.40625 0.450230358586727
121.4375 0.456144152576058
121.46875 0.462173124026094
121.5 0.46832022554944
121.53125 0.47458850297725
121.5625 0.4809810988289
121.59375 0.487501255929066
121.625 0.494152321179152
121.65625 0.500937749490405
121.6875 0.507861107886372
121.71875 0.51492607978281
121.75 0.522136469453525
121.78125 0.529496206691083
121.8125 0.53700935167179
121.84375 0.544680100034821
121.875 0.552512788185882
121.90625 0.560511898836363
121.9375 0.568682066789453
121.96875 0.577028084985337
122 0.58555491081819
122.03125 0.59426767273837
122.0625 0.603171677153891
122.09375 0.612272415645991
122.125 0.621575572514406
122.15625 0.631087032668738
122.1875 0.640812889883178
122.21875 0.650759455432747
122.25 0.660933267130131
122.28125 0.671341098783197
122.3125 0.681989970094321
122.34375 0.692887157023699
122.375 0.704040202640006
122.40625 0.715456928482907
122.4375 0.727145446463212
122.46875 0.739114171327724
122.5 0.751371833717209
122.53125 0.763927493847328
122.5625 0.776790555843825
122.59375 0.789970782764794
122.625 0.803478312344434
122.65625 0.817323673494333
122.6875 0.831517803599985
122.71875 0.846072066652024
122.75 0.860998272253378
122.78125 0.876308695545408
122.8125 0.892016098097921
122.84375 0.908133749809822
122.875 0.924675451869038
122.90625 0.941655560822241
122.9375 0.959089013806735
122.96875 0.976991354998704
123 0.995378763333763
123.03125 1.01426808155742
123.0625 1.03367684666456
123.09375 1.05362332178857
123.125 1.07412652960159
123.15625 1.09520628728866
123.1875 1.11688324315873
123.21875 1.13917891495592
123.25 1.16211572993384
123.28125 1.18571706675517
123.3125 1.21000729927659
123.34375 1.23501184227712
123.375 1.26075719918406
123.40625 1.28727101184625
123.4375 1.31458211239801
123.46875 1.3427205772496
123.5 1.37171778323011
123.53125 1.40160646589694
123.5625 1.43242078001115
123.59375 1.46419636216058
123.625 1.49697039549118
123.65625 1.5307816764819
123.6875 1.56567068366811
123.71875 1.60167964818324
123.75 1.63885262594615
123.78125 1.67723557127284
123.8125 1.71687641163325
123.84375 1.75782512320714
123.875 1.80013380681472
123.90625 1.84385676370711
123.9375 1.88905057059703
123.96875 1.93577415318882
124 1.98408885732731
124.03125 2.03405851672474
124.0625 2.08574951604057
124.09375 2.13923084787849
124.125 2.19457416202413
124.15625 2.2518538049727
124.1875 2.31114684748446
124.21875 2.37253309755236
124.25 2.4360950957675
124.28125 2.5019180896184
124.3125 2.57008998275539
124.34375 2.6407012546874
124.375 2.71384484575001
124.40625 2.78961600148768
124.4375 2.8681120698261
124.46875 2.949432243571
124.5 3.03367723985712
124.53125 3.12094890718848
124.5625 3.21134974966321
124.59375 3.30498235687417
124.625 3.40194872683517
124.65625 3.50234946812531
124.6875 3.60628286630193
124.71875 3.71384379854978
124.75 3.82512247956551
124.78125 3.94020302089611
124.8125 4.05916178544858
124.84375 4.18206551877918
124.875 4.30896923919337
124.90625 4.43991386980692
124.9375 4.57492359772967
124.96875 4.71400294866018
125 4.85713356967383
125.03125 5.00427071912384
125.0625 5.15533947064366
125.09375 5.31023064853115
125.125 5.46879652458064
125.15625 5.63084632193143
125.1875 5.79614158985934
125.21875 5.96439153465643
125.25 6.13524841564125
125.28125 6.30830314148148
125.3125 6.48308122963568
125.34375 6.65903931968469
125.375 6.83556245803588
125.40625 7.01196239487674
125.4375 7.18747715178915
125.46875 7.3612721271624
125.5 7.53244300323864
125.53125 7.7000207000143
125.5625 7.86297858429664
125.59375 8.02024208464195
125.625 8.17070078349179
125.65625 8.31322295702639
125.6875 8.44667241360633
125.71875 8.56992734811012
125.75 8.68190078942437
125.78125 8.78156208149605
125.8125 8.86795871608194
125.84375 8.94023773970352
125.875 8.997665899839
125.90625 9.03964768553062
125.9375 9.06574046136654
125.96875 9.07566599259541
126 9.06931780903047
126.03125 9.04676404717206
126.0625 9.0082456298258
126.09375 8.95416987344859
126.125 8.88509983727844
126.15625 8.80173992757419
126.1875 8.7049184303698
126.21875 8.59556775671568
126.25 8.4747032403252
126.28125 8.34340132912179
126.3125 8.20277796446926
126.34375 8.0539678536961
126.375 7.89810522407431
126.40625 7.73630651175551
126.4375 7.5696552989184
126.46875 7.39918967666901
126.5 7.22589208801459
126.53125 7.05068159998954
126.5625 6.87440846979119
126.59375 6.69785080745849
126.625 6.52171309632761
126.65625 6.34662631010002
126.6875 6.17314935896447
126.71875 6.00177160357632
126.75 5.83291619155996
126.78125 5.66694399353799
126.8125 5.50415794186751
126.84375 5.34480760310539
126.875 5.1890938430366
126.90625 5.03717346964388
126.9375 4.88916376383487
126.96875 4.74514682957427
127 4.60517371406107
127.03125 4.4692682647136
127.0625 4.33743070309179
127.09375 4.2096409067043
127.125 4.08586139818211
127.15625 3.96604004783638
127.1875 3.85011250045043
127.21875 3.73800434056045
127.25 3.62963301271577
127.28125 3.52490951450768
127.3125 3.42373988071614
127.34375 3.32602647691929
127.375 3.23166912048503
127.40625 3.14056604613614
127.4375 3.05261473234667
127.46875 2.96771260376398
127.5 2.88575762371803
127.53125 2.80664878972205
127.5625 2.73028654372203
127.59375 2.6565731077398
127.625 2.58541275449403
127.65625 2.51671202158553
127.6875 2.45037987690518
127.71875 2.38632784206706
127.75 2.32447007988631
127.78125 2.26472345121012
127.8125 2.20700754576718
127.84375 2.15124469112307
127.875 2.09735994331177
127.90625 2.04528106225211
127.9375 1.99493847464834
127.96875 1.94626522671117
128 1.89919692871497
128.03125 1.85367169312517
128.0625 1.80963006778169
128.09375 1.76701496540766
128.125 1.72577159052237
128.15625 1.68584736467273
128.1875 1.64719185075276
128.21875 1.60975667705619
128.25 1.57349546159882
128.28125 1.53836373715364
128.3125 1.50431887736106
128.34375 1.4713200242073
128.375 1.43932801710426
128.40625 1.40830532375354
128.4375 1.37821597293356
128.46875 1.34902548931211
128.5 1.32070083035515
128.53125 1.29321032537673
128.5625 1.26652361675233
128.59375 1.24061160330011
128.625 1.21544638581866
128.65625 1.191001214758
128.6875 1.16725043998983
128.71875 1.14416946263523
128.75 1.12173468890134
128.78125 1.09992348587369
128.8125 1.07871413920696
128.84375 1.05808581265432
128.875 1.03801850937372
128.90625 1.01849303494813
128.9375 0.999490962056808
128.96875 0.980994596734064
129 0.962986946153062
129.03125 0.945451687872616
129.0625 0.928373140486249
129.09375 0.911736235614048
129.125 0.895526491179357
129.15625 0.879729985913985
129.1875 0.864333335037355
129.21875 0.849323667056808
129.25 0.83468860163814
129.28125 0.820416228497317
129.3125 0.806495087266186
129.34375 0.792914148286891
129.375 0.779662794291532
129.40625 0.766730802925443
129.4375 0.754108330074246
129.46875 0.741785893956581
129.5 0.729754359946113
129.53125 0.718004926088044
129.5625 0.706529109276982
129.59375 0.69531873206452
129.625 0.684365910066379
129.65625 0.673663039940386
129.6875 0.66320278790793
129.71875 0.652978078792838
129.75 0.642982085552879
129.78125 0.633208219280308
129.8125 0.623650119648989
129.84375 0.61430164578676
129.875 0.605156867552739
129.90625 0.596210057200243
129.9375 0.587455681406995
129.96875 0.578888393655138
130 0.570503026944498
130.03125 0.562294586823298
130.0625 0.55425824472136
130.09375 0.546389331571534
130.125 0.538683331705819
130.15625 0.531135877013302
130.1875 0.523742741347683
130.21875 0.51649983517276
130.25 0.509403200434803
130.28125 0.502449005651333
130.3125 0.495633541206286
130.34375 0.488953214842086
130.375 0.482404547339573
130.40625 0.475984168377205
130.4375 0.46968881256137
130.46875 0.463515315620014
130.5 0.457460610752221
130.53125 0.451521725126685
130.5625 0.445695776522403
130.59375 0.439979970105202
130.625 0.434371595334057
130.65625 0.428868022991415
130.6875 0.423466702332044
130.71875 0.418165158345166
130.75 0.412960989124913
130.78125 0.407851863344339
130.8125 0.402835517828489
130.84375 0.397909755222216
130.875 0.393072441748638
130.90625 0.38832150505434
130.9375 0.383654932137582
130.96875 0.37907076735597
131 0.37456711051021
131.03125 0.370142115000696
131.0625 0.36579398605388
131.09375 0.361520979015463
131.125 0.35732139770762
131.15625 0.353193592847575
131.1875 0.349135960524984
131.21875 0.345146940735677
131.25 0.341225015969448
131.28125 0.337368709849657
131.3125 0.333576585822537
131.34375 0.329847245894173
131.375 0.326179329413213
131.40625 0.322571511897473
131.4375 0.319022503902661
131.46875 0.315531049931534
131.5 0.312095927381869
131.53125 0.308715945531707
131.5625 0.305389944560396
131.59375 0.302116794604014
131.625 0.298895394843827
131.65625 0.295724672626482
131.6875 0.29260358261471
131.71875 0.289531105967339
131.75 0.286506249547496
131.78125 0.28352804515791
131.8125 0.280595548802269
131.84375 0.277707839971646
131.875 0.274864020955038
131.90625 0.272063216173097
131.9375 0.269304571534184
131.96875 0.266587253811912
132 0.263910450043361
132.03125 0.261273366947205
132.0625 0.258675230361004
132.09375 0.25611528469696
132.125 0.253592792415449
132.15625 0.251107033515681
132.1875 0.248657305042863
132.21875 0.24624292061126
132.25 0.243863209942581
132.28125 0.241517518419137
132.3125 0.239205206651236
132.34375 0.236925650058306
132.375 0.234678238463263
132.40625 0.23246237569964
132.4375 0.23027747923104
132.46875 0.228122979782459
132.5 0.225998320983089
132.53125 0.223902959020169
132.5625 0.221836362303528
132.59375 0.219798011140419
132.625 0.217787397420316
132.65625 0.215804024309311
132.6875 0.213847405953795
132.71875 0.211917067193086
132.75 0.210012543280732
132.78125 0.208133379614153
132.8125 0.20627913147238
132.84375 0.204449363761589
132.875 0.202643650768185
132.90625 0.200861575919175
132.9375 0.199102731549595
132.96875 0.197366718676748
133 0.195653146781032
133.03125 0.193961633593151
133.0625 0.192291804887474
133.09375 0.190643294281375
133.125 0.189015743040326
133.15625 0.187408799888583
133.1875 0.185822120825266
133.21875 0.184255368945672
133.25 0.182708214267643
133.28125 0.181180333562833
133.3125 0.179671410192721
133.34375 0.17818113394921
133.375 0.176709200899673
133.40625 0.175255313236313
133.4375 0.173819179129679
133.46875 0.17240051258624
133.5 0.170999033309861
133.53125 0.169614466567076
133.5625 0.16824654305604
133.59375 0.16689499877904
133.625 0.165559574918459
133.65625 0.16424001771609
133.6875 0.162936078355691
133.71875 0.161647512848693
133.75 0.160374081922953
133.78125 0.159115550914471
133.8125 0.157871689661972
133.84375 0.156642272404278
133.875 0.155427077680379
133.90625 0.154225888232123
133.9375 0.153038490909449
133.96875 0.151864676578091
134 0.150704240029676
134.03125 0.149556979894142
134.0625 0.14842269855442
134.09375 0.147301202063303
134.125 0.146192300062445
134.15625 0.145095805703417
134.1875 0.144011535570786
134.21875 0.142939309607123
134.25 0.14187895103992
134.28125 0.140830286310334
134.3125 0.139793145003725
134.34375 0.138767359781924
134.375 0.13775276631719
134.40625 0.136749203227806
134.4375 0.135756512015267
134.46875 0.134774537003018
134.5 0.133803125276693
134.53125 0.132842126625821
134.5625 0.131891393486955
134.59375 0.130950780888179
134.625 0.130020146394967
134.65625 0.129099350057346
134.6875 0.128188254358331
134.71875 0.1272867241636
134.75 0.126394626672375
134.78125 0.125511831369465
134.8125 0.124638209978464
134.84375 0.12377363641604
134.875 0.122917986747321
134.90625 0.122071139142319
134.9375 0.12123297383338
134.96875 0.120403373073634
135 0.119582221096402
135.03125 0.118769404075563
135.0625 0.117964810086823
135.09375 0.11716832906989
135.125 0.116379852791513
135.15625 0.11559927480937
135.1875 0.11482649043679
135.21875 0.114061396708265
135.25 0.113303892345759
135.28125 0.112553877725776
135.3125 0.111811254847168
135.34375 0.111075927299675
135.375 0.110347800233168
135.40625 0.109626780327579
135.4375 0.108912775763502
135.46875 0.108205696193455
135.5 0.107505452713769
135.53125 0.106811957837105
135.5625 0.106125125465577
135.59375 0.10544487086446
135.625 0.104771110636483
135.65625 0.104103762696676
135.6875 0.103442746247768
135.71875 0.102787981756118
135.75 0.10213939092817
135.78125 0.101496896687412
135.8125 0.100860423151833
135.84375 0.100229895611865
135.875 0.0996052405087954
135.90625 0.098986385413638
135.9375 0.0983732590064579
135.96875 0.097765791056131
136 0.0971639124005332
136.03125 0.0965675549271466
136.0625 0.0959766515540739
136.09375 0.0953911362114505
136.125 0.0948109438232448
136.15625 0.0942360102894381
136.1875 0.093666272468575
136.21875 0.0931016681606747
136.25 0.0925421360904959
136.28125 0.0919876158911465
136.3125 0.0914380480880293
136.34375 0.0908933740831176
136.375 0.0903535361395511
136.40625 0.0898184773665463
136.4375 0.0892881417046124
136.46875 0.0887624739110682
136.5 0.0882414195458496
136.53125 0.087724924957605
136.5625 0.0872129372700679
136.59375 0.0867054043687043
136.625 0.0862022748876256
136.65625 0.0857034981967627
136.6875 0.0852090243892949
136.71875 0.0847188042693271
136.75 0.084232789339812
136.78125 0.0837509317907081
136.8125 0.0832731844873725
136.84375 0.0827995009591796
136.875 0.0823298353883628
136.90625 0.0818641425990738
136.9375 0.0814023780466542
136.96875 0.0809444978071148
137 0.0804904585668193
137.03125 0.0800402176123658
137.0625 0.0795937328206632
137.09375 0.079150962649198
137.125 0.0787118661264874
137.15625 0.0782764028427141
137.1875 0.0778445329405394
137.21875 0.0774162171060907
137.25 0.0769914165601196
137.28125 0.0765700930493265
137.3125 0.076152208837849
137.34375 0.0757377266989097
137.375 0.075326609906621
137.40625 0.0749188222279417
137.4375 0.074514327914785
137.46875 0.0741130916962722
137.5 0.0737150787711299
137.53125 0.0733202548002284
137.5625 0.0729285858992568
137.59375 0.0725400386315337
137.625 0.0721545800009489
137.65625 0.0717721774450351
137.6875 0.0713927988281652
137.71875 0.0710164124348739
137.75 0.0706429869633008
137.78125 0.0702724915187516
137.8125 0.0699048956073758
137.84375 0.069540169129959
137.875 0.0691782823758258
137.90625 0.0688192060168527
137.9375 0.0684629111015876
137.96875 0.0681093690494746
138 0.0677585516451817
138.03125 0.0674104310330282
138.0625 0.0670649797115122
138.09375 0.0667221705279336
138.125 0.0663819766731127
138.15625 0.0660443716762008
138.1875 0.0657093293995823
138.21875 0.0653768240338662
138.25 0.0650468300929643
138.28125 0.0647193224092559
138.3125 0.0643942761288353
138.34375 0.064071666706843
138.375 0.0637514699028765
138.40625 0.0634336617764808
138.4375 0.063118218682716
138.46875 0.0628051172678015
138.5 0.0624943344648344
138.53125 0.0621858474895805
138.5625 0.0618796338363385
138.59375 0.0615756712738724
138.625 0.0612739378414149
138.65625 0.0609744118447368
138.6875 0.0606770718522836
138.71875 0.060381896691377
138.75 0.0600888654444795
138.78125 0.0597979574455231
138.8125 0.0595091522762975
138.84375 0.0592224297628998
138.875 0.0589377699722429
138.90625 0.0586551532086218
138.9375 0.0583745600103368
138.96875 0.0580959711463724
139 0.0578193676131311
139.03125 0.0575447306312207
139.0625 0.0572720416422946
139.09375 0.0570012823059434
139.125 0.0567324344966379
139.15625 0.056465480300721
139.1875 0.0562004020134494
139.21875 0.0559371821360829
139.25 0.0556758033730203
139.28125 0.0554162486289828
139.3125 0.0551585010062415
139.34375 0.0549025438018899
139.375 0.0546483605051607
139.40625 0.0543959347947847
139.4375 0.054145250536392
139.46875 0.0538962917799555
139.5 0.0536490427572736
139.53125 0.0534034878794939
139.5625 0.053159611734676
139.59375 0.052917399085392
139.625 0.0526768348663656
139.65625 0.0524379041821479
139.6875 0.0522005923048301
139.71875 0.0519648846717912
139.75 0.0517307668834817
139.78125 0.0514982247012413
139.8125 0.0512672440451509
139.84375 0.0510378109919173
139.875 0.0508099117727914
139.90625 0.0505835327715185
139.9375 0.050358660522319
139.96875 0.050135281707902
140 0.0499133831575079
140.03125 0.0496929518449816
140.0625 0.0494739748868752
140.09375 0.0492564395405795
140.125 0.0490403332024835
140.15625 0.0488256434061627
140.1875 0.0486123578205943
140.21875 0.0484004642483994
140.25 0.0481899506241115
140.28125 0.0479808050124721
140.3125 0.0477730156067503
140.34375 0.0475665707270891
140.375 0.0473614588188754
140.40625 0.0471576684511347
140.4375 0.0469551883149501
140.46875 0.0467540072219041
140.5 0.0465541141025436
140.53125 0.0463554980048686
140.5625 0.0461581480928415
140.59375 0.0459620536449204
140.625 0.0457672040526119
140.65625 0.045573588819047
140.6875 0.0453811975575765
140.71875 0.0451900199903876
140.75 0.0450000459471408
140.78125 0.0448112653636259
140.8125 0.0446236682804385
140.84375 0.0444372448416749
140.875 0.0442519852936464
140.90625 0.0440678799836118
140.9375 0.0438849193585283
140.96875 0.0437030939638206
141 0.0435223944421673
141.03125 0.0433428115323048
141.0625 0.0431643360678486
141.09375 0.0429869589761306
141.125 0.0428106712770542
141.15625 0.0426354640819647
141.1875 0.0424613285925357
141.21875 0.0422882560996719
141.25 0.042116237982427
141.28125 0.041945265706937
141.3125 0.041775330825368
141.34375 0.0416064249748797
141.375 0.0414385398766026
141.40625 0.04127166733463
141.4375 0.0411057992350237
141.46875 0.0409409275448338
141.5 0.0407770443111321
141.53125 0.0406141416600591
141.5625 0.0404522117958834
141.59375 0.0402912470000753
141.625 0.0401312396303921
141.65625 0.0399721821199767
141.6875 0.0398140669764682
141.71875 0.039656886781125
141.75 0.0395006341879596
141.78125 0.0393453019228852
141.8125 0.0391908827828745
141.84375 0.0390373696351293
141.875 0.0388847554162613
141.90625 0.0387330331314852
141.9375 0.0385821958538209
141.96875 0.0384322367233079
142 0.0382831489462298
142.03125 0.0381349257943492
142.0625 0.0379875606041526
142.09375 0.0378410467761065
142.125 0.0376953777739219
142.15625 0.0375505471238296
142.1875 0.0374065484138655
142.21875 0.0372633752931641
142.25 0.0371210214712627
142.28125 0.0369794807174141
142.3125 0.0368387468599085
142.34375 0.0366988137854045
142.375 0.036559675438269
142.40625 0.0364213258199251
142.4375 0.0362837589882098
142.46875 0.0361469690567388
142.5 0.0360109501942807
142.53125 0.0358756966241384
142.5625 0.0357412026235393
142.59375 0.0356074625230334
142.625 0.0354744707058984
142.65625 0.0353422216075538
142.6875 0.0352107097149813
142.71875 0.0350799295661536
142.75 0.0349498757494702
142.78125 0.0348205429032004
142.8125 0.0346919257149334
142.84375 0.0345640189210362
142.875 0.034436817306117
142.90625 0.034310315702497
142.9375 0.0341845089896879
142.96875 0.0340593920938761
143 0.0339349599874145
143.03125 0.0338112076883193
143.0625 0.0336881302597739
143.09375 0.0335657228096395
143.125 0.0334439804899708
143.15625 0.0333228984965388
143.1875 0.033202472068359
143.21875 0.0330826964872257
143.25 0.0329635670772522
143.28125 0.0328450792044168
143.3125 0.032727228276114
143.34375 0.032610009740712
143.375 0.0324934190871153
143.40625 0.0323774518443324
143.4375 0.0322621035810499
143.46875 0.0321473699052107
143.5 0.0320332464635979
143.53125 0.0319197289414242
143.5625 0.0318068130619259
143.59375 0.0316944945859616
143.625 0.0315827693116168
143.65625 0.0314716330738122
143.6875 0.0313610817439179
143.71875 0.0312511112293712
143.75 0.0311417174732999
143.78125 0.0310328964541499
143.8125 0.0309246441853173
143.84375 0.0308169567147846
143.875 0.0307098301247624
143.90625 0.0306032605313337
143.9375 0.0304972440841046
143.96875 0.0303917769658571
144 0.0302868553922075
144.03125 0.0301824756112687
144.0625 0.0300786339033156
144.09375 0.0299753265804558
144.125 0.0298725499863034
144.15625 0.0297703004956569
144.1875 0.029668574514181
144.21875 0.029567368478092
144.25 0.0294666788538472
144.28125 0.0293665021378377
144.3125 0.0292668348560849
144.34375 0.029167673563941
144.375 0.0290690148457921
144.40625 0.0289708553147659
144.4375 0.0288731916124416
144.46875 0.0287760204085648
144.5 0.0286793384007639
144.53125 0.0285831423142712
144.5625 0.0284874289016469
144.59375 0.0283921949425057
144.625 0.0282974372432476
144.65625 0.0282031526367907
144.6875 0.0281093379823083
144.71875 0.028015990164968
144.75 0.0279231060956743
144.78125 0.0278306827108143
144.8125 0.0277387169720058
144.84375 0.027647205865849
144.875 0.0275561464036802
144.90625 0.0274655356213293
144.9375 0.0273753705788792
144.96875 0.0272856483604282
145 0.0271963660738558
145.03125 0.0271075208505899
145.0625 0.0270191098453777
145.09375 0.0269311302360587
145.125 0.0268435792233403
145.15625 0.0267564540305764
145.1875 0.0266697519035476
145.21875 0.0265834701102448
145.25 0.0264976059406545
145.28125 0.0264121567065472
145.3125 0.0263271197412677
145.34375 0.0262424923995274
145.375 0.0261582720572004
145.40625 0.0260744561111196
145.4375 0.0259910419788775
145.46875 0.0259080270986272
145.5 0.025825408928887
145.53125 0.0257431849483462
145.5625 0.0256613526556739
145.59375 0.0255799095693292
145.625 0.0254988532273739
145.65625 0.025418181187287
145.6875 0.0253378910257815
145.71875 0.0252579803386234
145.75 0.0251784467404517
145.78125 0.0250992878646017
145.8125 0.0250205013629293
145.84375 0.0249420849056376
145.875 0.0248640361811052
145.90625 0.0247863528957164
145.9375 0.0247090327736938
145.96875 0.0246320735569315
146 0.0245554730048315
146.03125 0.0244792288941407
146.0625 0.0244033390187906
146.09375 0.0243278011897379
146.125 0.0242526132348076
146.15625 0.024177772998537
146.1875 0.0241032783420221
146.21875 0.0240291271427653
146.25 0.0239553172945244
146.28125 0.0238818467071641
146.3125 0.0238087133065081
146.34375 0.0237359150341935
146.375 0.0236634498475262
146.40625 0.0235913157193385
146.4375 0.0235195106378476
146.46875 0.0234480326065157
146.5 0.0233768796439119
146.53125 0.0233060497835753
146.5625 0.0232355410738796
146.59375 0.023165351577899
146.625 0.023095479373276
146.65625 0.0230259225520896
146.6875 0.0229566792207263
146.71875 0.022887747499751
146.75 0.0228191255237802
146.78125 0.0227508114413561
146.8125 0.0226828034148223
146.84375 0.0226150996202005
146.875 0.0225476982470686
146.90625 0.0224805974984403
146.9375 0.0224137955906453
146.96875 0.0223472907532116
147 0.0222810812287483
147.03125 0.0222151652728301
147.0625 0.0221495411538826
147.09375 0.0220842071530688
147.125 0.0220191615641775
147.15625 0.0219544026935116
147.1875 0.0218899288597786
147.21875 0.0218257383939818
147.25 0.0217618296393125
147.28125 0.0216982009510436
147.3125 0.0216348506964237
147.34375 0.0215717772545735
147.375 0.0215089790163816
147.40625 0.0214464543844028
147.4375 0.0213842017727563
147.46875 0.0213222196070262
147.5 0.0212605063241614
147.53125 0.0211990603723781
147.5625 0.021137880211062
147.59375 0.0210769643106726
147.625 0.0210163111526473
147.65625 0.0209559192293075
147.6875 0.0208957870437649
147.71875 0.0208359131098294
147.75 0.0207762959519172
147.78125 0.0207169341049603
147.8125 0.0206578261143166
147.84375 0.0205989705356815
147.875 0.0205403659349996
147.90625 0.0204820108883774
147.9375 0.0204239039819978
147.96875 0.0203660438120338
148 0.0203084289845648
148.03125 0.0202510581154924
148.0625 0.0201939298304575
148.09375 0.0201370427647586
148.125 0.0200803955632704
148.15625 0.020023986880363
148.1875 0.0199678153798227
148.21875 0.0199118797347729
148.25 0.0198561786275959
148.28125 0.0198007107498556
148.3125 0.019745474802221
148.34375 0.0196904694943901
148.375 0.0196356935450149
148.40625 0.0195811456816271
148.4375 0.0195268246405643
148.46875 0.0194727291668968
148.5 0.0194188580143559
148.53125 0.0193652099452616
148.5625 0.0193117837304525
148.59375 0.0192585781492149
148.625 0.0192055919892137
148.65625 0.0191528240464233
148.6875 0.0191002731250595
148.71875 0.0190479380375122
148.75 0.0189958176042778
148.78125 0.0189439106538938
148.8125 0.0188922160228724
148.84375 0.0188407325556359
148.875 0.0187894591044523
148.90625 0.0187383945293714
148.9375 0.0186875376981615
148.96875 0.018636887486247
149 0.0185864427766464
149.03125 0.0185362024599109
149.0625 0.0184861654340634
149.09375 0.0184363306045383
149.125 0.0183866968841219
149.15625 0.0183372631928932
149.1875 0.0182880284581655
149.21875 0.0182389916144278
149.25 0.0181901516032882
149.28125 0.0181415073734159
149.3125 0.0180930578804858
149.34375 0.0180448020871218
149.375 0.0179967389628419
149.40625 0.0179488674840031
149.4375 0.0179011866337472
149.46875 0.0178536954019467
149.5 0.0178063927851516
149.53125 0.0177592777865368
149.5625 0.0177123494158491
149.59375 0.0176656066893559
149.625 0.0176190486297935
149.65625 0.017572674266316
149.6875 0.0175264826344453
149.71875 0.0174804727760205
149.75 0.017434643739149
149.78125 0.0173889945781566
149.8125 0.0173435243535396
149.84375 0.0172982321319161
149.875 0.0172531169859784
149.90625 0.0172081779944457
149.9375 0.0171634142420169
149.96875 0.0171188248193247
150 0.0170744088228889
150.03125 0.0170301653550709
150.0625 0.016986093524029
150.09375 0.0169421924436727
150.125 0.016898461233619
150.15625 0.0168548990191479
150.1875 0.0168115049311592
150.21875 0.0167682781061287
150.25 0.016725217686066
150.28125 0.0166823228184715
150.3125 0.0166395926562944
150.34375 0.0165970263578914
150.375 0.0165546230869848
150.40625 0.0165123820126219
150.4375 0.0164703023091342
150.46875 0.0164283831560971
150.5 0.0163866237382905
150.53125 0.0163450232456585
150.5625 0.0163035808732707
150.59375 0.0162622958212835
150.625 0.0162211672949009
150.65625 0.0161801945043372
150.6875 0.0161393766647785
150.71875 0.0160987129963457
150.75 0.0160582027240569
150.78125 0.0160178450777909
150.8125 0.0159776392922505
150.84375 0.0159375846069265
150.875 0.0158976802660615
150.90625 0.0158579255186146
150.9375 0.0158183196182261
150.96875 0.0157788618231825
151 0.0157395513963818
151.03125 0.0157003876052994
151.0625 0.0156613697219536
151.09375 0.0156224970228726
151.125 0.01558376878906
151.15625 0.0155451843059626
151.1875 0.0155067428634369
151.21875 0.015468443755717
151.25 0.0154302862813817
151.28125 0.0153922697433229
151.3125 0.0153543934487136
151.34375 0.0153166567089766
151.375 0.0152790588397532
151.40625 0.015241599160872
151.4375 0.0152042769963187
151.46875 0.0151670916742051
151.5 0.0151300425267395
151.53125 0.0150931288901964
151.5625 0.0150563501048868
151.59375 0.0150197055151291
151.625 0.0149831944692197
151.65625 0.0149468163194043
151.6875 0.014910570421849
151.71875 0.0148744561366119
151.75 0.0148384728276151
151.78125 0.0148026198626167
151.8125 0.0147668966131828
151.84375 0.0147313024546606
151.875 0.0146958367661505
151.90625 0.0146604989304795
151.9375 0.0146252883341743
151.96875 0.0145902043674348
152 0.0145552464241076
152.03125 0.01452041390166
152.0625 0.0144857062011541
152.09375 0.0144511227272208
152.125 0.014416662888035
152.15625 0.0143823260952897
152.1875 0.014348111764171
152.21875 0.0143140193133337
152.25 0.0142800481648762
152.28125 0.0142461977443164
152.3125 0.014212467480567
152.34375 0.0141788568059121
152.375 0.0141453651559828
152.40625 0.0141119919697339
152.4375 0.0140787366894202
152.46875 0.0140455987605736
152.5 0.0140125776319795
152.53125 0.0139796727556545
152.5625 0.0139468835868234
152.59375 0.0139142095838967
152.625 0.0138816502084483
152.65625 0.0138492049251935
152.6875 0.0138168732019669
152.71875 0.0137846545097007
152.75 0.0137525483224029
152.78125 0.0137205541171362
152.8125 0.0136886713739967
152.84375 0.0136568995760923
152.875 0.0136252382095227
152.90625 0.0135936867633579
152.9375 0.0135622447296178
152.96875 0.013530911603252
153 0.0134996868821197
153.03125 0.0134685700669689
153.0625 0.0134375606614172
153.09375 0.0134066581719319
153.125 0.0133758621078102
153.15625 0.0133451719811596
153.1875 0.0133145873068794
153.21875 0.0132841076026406
153.25 0.0132537323888674
153.28125 0.0132234611887187
153.3125 0.0131932935280685
153.34375 0.0131632289354885
153.375 0.0131332669422286
153.40625 0.0131034070821997
153.4375 0.0130736488919548
153.46875 0.0130439919106714
153.5 0.0130144356801338
153.53125 0.0129849797447153
153.5625 0.0129556236513604
153.59375 0.012926366949568
153.625 0.0128972091913737
153.65625 0.0128681499313329
153.6875 0.0128391887265036
153.71875 0.0128103251364298
153.75 0.0127815587231246
153.78125 0.0127528890510537
153.8125 0.0127243156871192
153.84375 0.0126958382006426
153.875 0.0126674561633492
153.90625 0.0126391691493519
153.9375 0.0126109767351352
153.96875 0.0125828784995392
154 0.0125548740237444
154.03125 0.0125269628912553
154.0625 0.0124991446878859
154.09375 0.0124714190017438
154.125 0.0124437854232148
154.15625 0.0124162435449485
154.1875 0.0123887929618425
154.21875 0.0123614332710282
154.25 0.0123341640718558
154.28125 0.0123069849658793
154.3125 0.0122798955568427
154.34375 0.0122528954506649
154.375 0.0122259842554259
154.40625 0.0121991615813522
154.4375 0.012172427040803
154.46875 0.012145780248256
154.5 0.0121192208202939
154.53125 0.0120927483755901
154.5625 0.0120663625348954
154.59375 0.0120400629210244
154.625 0.012013849158842
154.65625 0.0119877208752499
154.6875 0.0119616776991738
154.71875 0.0119357192615495
154.75 0.0119098451953107
154.78125 0.0118840551353755
154.8125 0.0118583487186335
154.84375 0.0118327255839334
154.875 0.0118071853720701
154.90625 0.0117817277257724
154.9375 0.0117563522896899
154.96875 0.0117310587103813
155 0.011705846636302
155.03125 0.0116807157177913
155.0625 0.0116556656070613
155.09375 0.0116306959581839
155.125 0.0116058064270796
155.15625 0.0115809966715052
155.1875 0.0115562663510424
155.21875 0.011531615127086
155.25 0.0115070426628321
155.28125 0.011482548623267
155.3125 0.0114581326751556
155.34375 0.0114337944870302
155.375 0.011409533729179
155.40625 0.0113853500736353
155.4375 0.0113612431941663
155.46875 0.0113372127662618
155.5 0.011313258467124
155.53125 0.0112893799756559
155.5625 0.0112655769724512
155.59375 0.0112418491397831
155.625 0.0112181961615943
155.65625 0.0111946177234858
155.6875 0.0111711135127072
155.71875 0.0111476832181456
155.75 0.0111243265303161
155.78125 0.0111010431413509
155.8125 0.0110778327449895
155.84375 0.0110546950365688
155.875 0.0110316297130129
155.90625 0.011008636472823
155.9375 0.010985715016068
155.96875 0.0109628650443745
156 0.0109400862609171
156.03125 0.0109173783704088
156.0625 0.0108947410790915
156.09375 0.0108721740947265
156.125 0.0108496771265848
156.15625 0.0108272498854383
156.1875 0.0108048920835502
156.21875 0.0107826034346656
156.25 0.0107603836540027
156.28125 0.0107382324582436
156.3125 0.0107161495655252
156.34375 0.0106941346954303
156.375 0.0106721875689788
156.40625 0.0106503079086187
156.4375 0.0106284954382175
156.46875 0.0106067498830534
156.5 0.0105850709698068
156.53125 0.0105634584265514
156.5625 0.0105419119827461
156.59375 0.0105204313692263
156.625 0.0104990163181955
156.65625 0.0104776665632173
156.6875 0.0104563818392065
156.71875 0.0104351618824214
156.75 0.0104140064304555
156.78125 0.0103929152222294
156.8125 0.0103718879979826
156.84375 0.0103509244992658
156.875 0.0103300244689329
156.90625 0.0103091876511327
156.9375 0.0102884137913019
156.96875 0.0102677026361564
157 0.0102470539336845
157.03125 0.0102264674331384
157.0625 0.0102059428850274
157.09375 0.0101854800411097
157.125 0.0101650786543852
157.15625 0.010144738479088
157.1875 0.0101244592706791
157.21875 0.010104240785839
157.25 0.0100840827824604
157.28125 0.0100639850196409
157.3125 0.010043947257676
157.34375 0.0100239692580516
157.375 0.0100040507834374
157.40625 0.00998419159767949
157.4375 0.0099643914657936
157.46875 0.00994465015395794
157.5 0.00992496742950645
157.53125 0.00990534306092194
157.5625 0.00988577681782924
157.59375 0.00986626847098849
157.625 0.00984681779228842
157.65625 0.00982742455473972
157.6875 0.00980808853246838
157.71875 0.00978880950070914
157.75 0.009769587235799
157.78125 0.0097504215151707
157.8125 0.00973131211734631
157.84375 0.00971225882193081
157.875 0.00969326140960581
157.90625 0.00967431966212317
157.9375 0.00965543336229878
157.96875 0.00963660229400637
158 0.00961782624217126
158.03125 0.00959910499276431
158.0625 0.00958043833279578
158.09375 0.00956182605030928
158.125 0.0095432679343758
158.15625 0.00952476377508769
158.1875 0.00950631336355277
158.21875 0.00948791649188845
158.25 0.00946957295321583
158.28125 0.00945128254165397
158.3125 0.00943304505231403
158.34375 0.00941486028129363
158.375 0.0093967280256711
158.40625 0.00937864808349984
158.4375 0.00936062025380272
158.46875 0.00934264433656647
158.5 0.00932472013273619
158.53125 0.0093068474442098
158.5625 0.00928902607383259
158.59375 0.00927125582539181
158.625 0.00925353650361124
158.65625 0.00923586791414586
158.6875 0.00921824986357652
158.71875 0.00920068215940466
158.75 0.00918316461004704
158.78125 0.00916569702483055
158.8125 0.009148279213987
158.84375 0.00913091098864799
158.875 0.00911359216083982
158.90625 0.00909632254347835
158.9375 0.00907910195036401
158.96875 0.00906193019617677
159 0.00904480709647115
159.03125 0.00902773246767128
159.0625 0.00901070612706599
159.09375 0.00899372789280395
159.125 0.00897679758388876
159.15625 0.0089599150201742
159.1875 0.00894308002235939
159.21875 0.0089262924119841
159.25 0.00890955201142393
159.28125 0.00889285864388573
159.3125 0.00887621213340285
159.34375 0.00885961230483055
159.375 0.0088430589838414
159.40625 0.00882655199692068
159.4375 0.00881009117136189
159.46875 0.00879367633526218
159.5 0.0087773073175179
159.53125 0.00876098394782015
159.5625 0.00874470605665035
159.59375 0.00872847347527584
159.625 0.00871228603574551
159.65625 0.00869614357088548
159.6875 0.00868004591429475
159.71875 0.00866399290034097
159.75 0.00864798436415616
159.78125 0.00863202014163245
159.8125 0.00861610006941794
159.84375 0.0086002239849125
159.875 0.00858439172626358
159.90625 0.00856860313236219
159.9375 0.00855285804283869
159.96875 0.00853715629805882
160 0.00852149773911959
