-3 -0.999977872129884
-2.94444444444444 -0.999968695519805
-2.88888888888889 -0.999955972071185
-2.83333333333333 -0.999938471261933
-2.77777777777778 -0.999914454130579
-2.72222222222222 -0.99988176190054
-2.66666666666667 -0.999837536396999
-2.61111111111111 -0.999778171720536
-2.55555555555556 -0.999698698208582
-2.5 -0.999593120500564
-2.44444444444445 -0.999453768375167
-2.38888888888889 -0.999270956096962
-2.33333333333334 -0.9990325682225
-2.27777777777778 -0.998725461747808
-2.22222222222222 -0.998326019448239
-2.16666666666667 -0.997817014465124
-2.11111111111111 -0.997169473268946
-2.05555555555556 -0.996350847212113
-2 -0.995322299589977
-1.94444444444445 -0.994037949779363
-1.88888888888889 -0.992464803537705
-1.83333333333334 -0.990478144547544
-1.77777777777778 -0.988068304066919
-1.72222222222223 -0.985132505683051
-1.66666666666667 -0.981578263166662
-1.61111111111111 -0.977300826580519
-1.55555555555556 -0.972185165171617
-1.5 -0.966105164786154
-1.44444444444445 -0.958923117913886
-1.38888888888889 -0.950491438259306
-1.33333333333334 -0.940653582221119
-1.27777777777778 -0.929245732400442
-1.22222222222223 -0.916098462623767
-1.16666666666667 -0.901039904797079
-1.11111111111111 -0.883898320723721
-1.05555555555556 -0.86450551551983
-1 -0.842700818318103
-0.944444444444448 -0.818355813030209
-0.888888888888892 -0.791274908050118
-0.833333333333336 -0.761407557271803
-0.777777777777781 -0.728643645617778
-0.722222222222225 -0.69292388994948
-0.66666666666667 -0.654221412726037
-0.611111111111114 -0.612544822213244
-0.555555555555558 -0.567941611352739
-0.500000000000003 -0.520499866593199
-0.444444444444447 -0.470349323110761
-0.388888888888892 -0.417661377096419
-0.333333333333336 -0.362648109880712
-0.277777777777781 -0.305560186504542
-0.222222222222225 -0.246683771653609
-0.166666666666669 -0.186336275277516
-0.111111111111114 -0.124861417570241
-0.0555555555555584 -0.0626232964337789
-2.80331313717852E-15 -3.16320014283741E-15
0.0555555555555527 0.0626232964337726
0.111111111111108 0.124861417570235
0.166666666666664 0.186336275277509
0.222222222222219 0.246683771653603
0.277777777777775 0.305560186504536
0.33333333333333 0.362648109880706
0.388888888888886 0.417661377096413
0.444444444444442 0.470349323110756
0.499999999999997 0.520499866593194
0.555555555555553 0.567941611352734
0.611111111111108 0.61254482221324
0.666666666666664 0.654221412726033
0.72222222222222 0.692923889949476
0.777777777777775 0.728643645617774
0.833333333333331 0.7614075572718
0.888888888888886 0.791274908050115
0.944444444444442 0.818355813030207
0.999999999999997 0.842700818318101
1.05555555555555 0.864505515519828
1.11111111111111 0.883898320723719
1.16666666666666 0.901039904797077
1.22222222222222 0.916098462623766
1.27777777777778 0.929245732400441
1.33333333333333 0.940653582221117
1.38888888888889 0.950491438259305
1.44444444444444 0.958923117913885
1.5 0.966105164786153
1.55555555555555 0.972185165171617
1.61111111111111 0.977300826580519
1.66666666666666 0.981578263166662
1.72222222222222 0.985132505683051
1.77777777777778 0.988068304066919
1.83333333333333 0.990478144547543
1.88888888888889 0.992464803537705
1.94444444444444 0.994037949779363
2 0.995322299589977
2.05555555555555 0.996350847212113
2.11111111111111 0.997169473268946
2.16666666666666 0.997817014465124
2.22222222222222 0.998326019448239
2.27777777777777 0.998725461747808
2.33333333333333 0.9990325682225
2.38888888888889 0.999270956096962
2.44444444444444 0.999453768375167
2.5 0.999593120500564
2.55555555555555 0.999698698208582
2.61111111111111 0.999778171720536
2.66666666666666 0.999837536396999
2.72222222222222 0.99988176190054
2.77777777777777 0.999914454130578
2.83333333333333 0.999938471261933
2.88888888888888 0.999955972071185
2.94444444444444 0.999968695519806
2.99999999999999 0.999977872129884
