0 0.998457186999056 -0.0555269820047452
0.0555555555555556 0.993833508539513 -0.11088262851001
0.111111111111111 0.986143231563851 -0.165896132693553
0.166666666666667 0.97541008539067 -0.220397743456374
0.222222222222222 0.961667188494889 -0.274219289211126
0.277777777777778 0.944956946316518 -0.327194696796731
0.333333333333333 0.925330920413328 -0.379160503918049
0.388888888888889 0.902849669361172 -0.429956363529385
0.444444444444445 0.877582561892862 -0.479425538605502
0.5 0.849607562852209 -0.52741538577346
0.555555555555556 0.819010992623672 -0.573777826312981
0.611111111111111 0.785887260779934 -0.618369803071995
0.666666666666667 0.75033857476927 -0.661053721887511
0.722222222222222 0.712474624541588 -0.70169787614974
0.777777777777778 0.672412244086268 -0.74017685319944
0.833333333333334 0.630275050926164 -0.776371921304475
0.888888888888889 0.586193064680162 -0.810171396021536
0.944444444444445 0.540302305871263 -0.841470984812563
1 0.492744376218123 -0.870174108852513
1.05555555555556 0.443666021705103 -0.896192201035494
1.11111111111111 0.393218679779048 -0.919444979259728
1.16666666666667 0.341558012069963 -0.939860694148094
1.22222222222222 0.288843424077436 -0.957376350439872
1.27777777777778 0.235237573304889 -0.971937901370554
1.33333333333333 0.180905867359351 -0.98350041543995
1.38888888888889 0.126015953565449 -0.992028215053992
1.44444444444444 0.0707372016684591 -0.997494986612443
1.5 0.0152401812226218 -0.999883861702832
1.55555555555556 -0.0403038647227135 -0.999187469150061
1.61111111111111 -0.0957235480150934 -0.995407957761096
1.66666666666667 -0.1508478642387 -0.988556989694556
1.72222222222222 -0.205506720370023 -0.978655704475645
1.77777777777778 -0.259531459621315 -0.965734653767491
1.83333333333333 -0.312755381852363 -0.949833707100139
1.88888888888889 -0.365014257944776 -0.931001928848087
1.94444444444445 -0.41614683655162 -0.909297426835982
2 -0.465995341658769 -0.884787173039601
2.05555555555556 -0.514405959422678 -0.857546796935386
2.11111111111111 -0.561229312782376 -0.82766035213616
2.16666666666667 -0.606320922381211 -0.795220057033116
2.22222222222222 -0.649541652376107 -0.760326010244352
2.27777777777778 -0.690758139758745 -0.723085881747971
2.33333333333333 -0.729843205863922 -0.683614580652796
2.38888888888889 -0.766676248795354 -0.642033900631838
2.44444444444444 -0.801143615558018 -0.598472144112572
2.5 -0.833138952748793 -0.553063726383626
2.55555555555555 -0.86256353472328 -0.505948760839476
2.61111111111111 -0.889326568226226 -0.457272626642913
2.66666666666666 -0.913345472545545 -0.407185520139313
2.72222222222222 -0.934546134325517 -0.355841991406894
2.77777777777778 -0.952863136252882 -0.303400467372973
2.83333333333333 -0.968239958910201 -0.250022762967718
2.88888888888889 -0.980629155173647 -0.195873581823798
2.94444444444444 -0.989992496617075 -0.141120008062563
3 -0.996301091470657 -0.0859309907349417
3.05555555555555 -0.999535473770071 -0.0304768225078527
3.11111111111111 -0.999685663421189 0.0250713857952751
3.16666666666666 -0.996751196994918 0.0805422331785086
3.22222222222222 -0.990741129157163 0.135764557352781
3.27777777777777 -0.98167400472952 0.1905679628787
3.33333333333333 -0.969577801466888 0.24478334694315
3.38888888888888 -0.954489843728585 0.298243421147324
3.44444444444444 -0.93645668730933 0.350783227696161
3.5 -0.915533975785478 0.402240648396407
3.55555555555555 -0.891786268819746 0.452456904892726
3.61111111111111 -0.865286842954246 0.501277048598324
3.66666666666666 -0.83611746550648 0.548550438808335
3.72222222222222 -0.804368142265975 0.594131207520699
3.77777777777777 -0.770136839770083 0.637878709530263
3.83333333333333 -0.733529183015883 0.67965795640728
3.88888888888888 -0.694658129540946 0.719340033021218
3.94444444444444 -0.653643620878617 0.756802495324643
3.99999999999999 -0.610612212463303 0.791929748169754
4.05555555555555 -0.565696683127735 0.824613401991771
4.1111111111111 -0.519035625397146 0.854752607258604
4.16666666666666 -0.470773017844572 0.882254365654784
4.22222222222222 -0.421057780826826 0.907033817039488
4.27777777777777 -0.370043316971971 0.929014501293193
4.33333333333333 -0.317887037836179 0.948128594245011
4.38888888888888 -0.264749878190547 0.964317116952715
4.44444444444444 -0.210795799436574 0.977530117689693
4.49999999999999 -0.156191283682607 0.987726826077298
4.55555555555555 -0.101104820042308 0.994875778886987
4.6111111111111 -0.0457063847402739 0.998954917124079
4.66666666666666 0.00983308337103048 0.999951654093558
4.72222222222221 0.065342210264635 0.997862914237913
4.77777777777777 0.12064971553522 0.992695142627153
4.83333333333332 0.175584940906389 0.984464285071732
4.88888888888888 0.229978376818281 0.973195738919745
4.94444444444443 0.283662185470682 0.958924274690207
4.99999999999999 0.336470718707698 0.941693928784238
5.05555555555555 0.38824102914602 0.921557867605193
5.1111111111111 0.438813372969599 0.898578223507035
5.16666666666666 0.488031702839325 0.872825903077119
5.22222222222221 0.535744149396751 0.844380368344987
5.27777777777777 0.581803489876134 0.813329391592262
5.33333333333332 0.626067602378833 0.779768784520213
5.38888888888888 0.66839990440833 0.743802102610681
5.44444444444443 0.708669774312735 0.70554032559259
5.49999999999999 0.746752954334352 0.665101515000005
5.55555555555554 0.782531934022646 0.622610449878401
5.6111111111111 0.815896312827547 0.578198241763191
5.66666666666665 0.846743140754255 0.532001930118562
5.72222222222221 0.874977236028422 0.484164059484945
5.77777777777777 0.900511478791513 0.434832239639869
5.83333333333332 0.923267079920101 0.3841586901294
5.88888888888888 0.943173824139639 0.332299770575546
5.94444444444443 0.960170286682536 0.279415498208942
5.99999999999999 0.974204022822017 0.225669054115528
6.05555555555554 0.985231729696936 0.171226279720739
6.1111111111111 0.993219379928211 0.116255165064896
6.16666666666665 0.998142326614585 0.0609253304487685
6.22222222222221 0.999985379383754 0.00540750304876232
6.27777777777776 0.998742851264167 -0.0501270098832945
6.33333333333332 0.994418576232895 -0.105506849610262
6.38888888888887 0.987025897385417 -0.160561134658663
6.44444444444443 0.97658762576381 -0.215119988095004
6.49999999999998 0.963135969970408 -0.269015061702452
6.55555555555554 0.946712436784104 -0.322080055440478
6.6111111111111 0.927367703085947 -0.37415123058458
6.66666666666665 0.905161459489247 -0.42506791496275
6.72222222222221 0.880162226156663 -0.474672998729711
6.77777777777776 0.852447141372605 -0.522813419149131
6.83333333333332 0.822101723523345 -0.569340632887994
6.88888888888887 0.789219607219252 -0.61411107436576
6.94444444444443 0.753902254373413 -0.656986598744061
6.99999999999998 0.716258641128104 -0.697834908190003
7.05555555555554 0.676404921595184 -0.736529960097798
7.11111111111109 0.634464069447938 -0.772952356009112
7.16666666666665 0.590565498470318 -0.806989710032045
7.2222222222222 0.544844663234405 -0.838536995621965
7.27777777777776 0.497442641138258 -0.867496869654146
7.33333333333332 0.448505697093827 -0.893779972788242
7.38888888888887 0.398184832208138 -0.917305205197797
7.44444444444443 0.346635317850352 -0.937999976813968
7.49999999999998 0.294016216542385 -0.955800431311341
7.55555555555554 0.240489891151462 -0.970651643144658
7.61111111111109 0.186221503899028 -0.982507787028518
7.66666666666665 0.131378506731902 -0.99133227933706
7.7222222222222 0.0761301246281989 -0.997097890987357
7.77777777777776 0.0206468334323342 -0.999786831458177
7.83333333333331 -0.0349001661696734 -0.999390803684883
7.88888888888887 -0.0903394769114906 -0.995911029661068
7.94444444444442 -0.145500033814331 -0.989358246667941
7.99999999999998 -0.200211632029502 -0.979752674143093
8.05555555555554 -0.254305452026912 -0.967123951290873
8.11111111111109 -0.307614580509001 -0.95151104562689
8.16666666666665 -0.359974525442753 -0.932962132738835
8.2222222222222 -0.411223723620589 -0.911534447634631
8.27777777777776 -0.461204039184005 -0.887294108136607
8.33333333333331 -0.509761251571682 -0.860315910866627
8.38888888888887 -0.556745531386468 -0.830683100451686
8.44444444444442 -0.602011902712855 -0.798487112662126
8.49999999999998 -0.645420690458438 -0.763827292275045
8.55555555555553 -0.68683795133901 -0.726810586533471
8.61111111111109 -0.726135887177445 -0.687551215147166
8.66666666666664 -0.763193239241074 -0.646170317853321
8.7222222222222 -0.797895662400783 -0.60279558062463
8.77777777777776 -0.830136077957318 -0.557560841678138
8.83333333333331 -0.859815004046106 -0.510605678500554
8.88888888888887 -0.886840862601079 -0.462074977164329
8.94444444444442 -0.911130261930337 -0.412118485263426
8.99999999999998 -0.932608254031722 -0.360890349848247
9.05555555555553 -0.951208565854325 -0.30854864178549
9.11111111111109 -0.966873803792327 -0.255254868010566
9.16666666666664 -0.979555630780211 -0.201173473177609
9.2222222222222 -0.989214915442861 -0.146471332244765
9.27777777777775 -0.995821852840354 -0.091317235560491
9.33333333333331 -0.999356056434859 -0.0358813680396592
9.38888888888886 -0.999806620995863 0.0196652159634361
9.44444444444442 -0.99717215624964 0.0751511204648442
9.49999999999998 -0.991460791169111 0.130405136714863
9.55555555555553 -0.982690148890877 0.185256771484207
9.61111111111109 -0.970887292336808 0.239536773142353
9.66666666666664 -0.956088640707989 0.293077653904767
9.7222222222222 -0.938339857108687 0.345714206637571
9.77777777777775 -0.917695707647087 0.39728401462497
9.83333333333331 -0.894219892447565 0.447627952726491
9.88888888888886 -0.86798484909593 0.496590678377661
9.94444444444442 -0.839071529124121 0.544021110919054
9.99999999999997 -0.807569148224063 0.589772897774709
