0 3.04635619228858 0.0717721306162275
0.0555555555555556 3.04959482943038 0.0450299203827921
0.111111111111111 3.05137907547532 0.0193446038222437
0.166666666666667 3.0517562555868 -0.00569081052542516
0.222222222222222 3.05075154149328 -0.0304678853217111
0.277777777777778 3.0483686394514 -0.0553688018621339
0.333333333333333 3.04459014882056 -0.080772182561205
0.388888888888889 3.03937760179257 -0.107058758119894
0.444444444444445 3.03267119108725 -0.134616943767293
0.5 3.02438918904328 -0.163848381525745
0.555555555555556 3.01442705863995 -0.19517349516847
0.611111111111111 3.00265625476688 -0.229037090275484
0.666666666666667 2.98892271278283 -0.265914011776867
0.722222222222222 2.97304502145778 -0.306314843024007
0.777777777777778 2.95481227933355 -0.350791590102189
0.833333333333334 2.93398163816578 -0.39994323772421
0.888888888888889 2.91027554555417 -0.454420981686015
0.944444444444445 2.88337871270797 -0.514932828170047
1 2.85293485471044 -0.582247089791734
1.05555555555556 2.81854328260132 -0.657194086299409
1.11111111111111 2.77975547304266 -0.740665054585801
1.16666666666667 2.7360718074087 -0.833606865262333
1.22222222222222 2.68693876429913 -0.937010607618246
1.27777777777778 2.63174697540849 -1.05189142194086
1.33333333333333 2.56983072279675 -1.17925612415119
1.38888888888889 2.50046967362878 -1.32005421496547
1.44444444444444 2.42289392053879 -1.47510689787872
1.5 2.33629371715364 -1.64500797601996
1.55555555555556 2.23983564630741 -1.82999038670247
1.61111111111111 2.13268727898935 -2.02975338094077
1.66666666666667 2.01405257158186 -2.2432490298295
1.72222222222222 1.88322013561673 -2.46843421059749
1.77777777777778 1.73962584795196 -2.70200685692884
1.83333333333333 1.58292974086968 -2.93916362652406
1.88888888888889 1.41310443324362 -3.17343861760869
1.94444444444445 1.23052844206953 -3.39670367795469
2 1.03607291624473 -3.59941918765599
2.05555555555556 0.83116576707004 -3.7712050064428
2.11111111111111 0.617814743017017 -3.90174210174721
2.16666666666667 0.398572982342267 -3.98191778482751
2.22222222222222 0.176438506194157 -4.00501777298703
2.27777777777778 -0.0453076352219809 -3.9676956840037
2.33333333333333 -0.263304793096584 -3.87046448740361
2.38888888888889 -0.474326539957125 -3.71756958162879
2.44444444444444 -0.675470673979467 -3.51627944682247
2.5 -0.864297912982648 -3.27579016347008
2.55555555555555 -1.03890530995677 -3.00601728187589
2.61111111111111 -1.19793536783614 -2.71652415168333
2.66666666666666 -1.34053326703788 -2.41574210758957
2.72222222222222 -1.46627016152617 -2.11052815918054
2.77777777777778 -1.57505052261989 -1.80602179875981
2.83333333333333 -1.66701800460841 -1.50572007373336
2.88888888888889 -1.74246950178787 -1.21168371485718
2.94444444444444 -1.80178257905967 -0.924802293961183
3 -1.84535808176002 -0.645069255080867
3.05555555555555 -1.87357761973025 -0.371839337110895
3.11111111111111 -1.8867745814902 -0.10405749109792
3.16666666666666 -1.88521705637158 0.159540716498707
3.22222222222222 -1.86910123082454 0.420251115191836
3.27777777777777 -1.83855424937541 0.679236674039861
3.33333333333333 -1.79364602462026 0.937368241585424
3.38888888888888 -1.73440992069924 1.19506348879764
3.44444444444444 -1.66087251444651 1.45212110423417
3.5 -1.57309264799846 1.70755321378054
3.55555555555555 -1.47120960495687 1.95942716471382
3.61111111111111 -1.35549934954802 2.20473792188757
3.66666666666666 -1.22643628832081 2.4393430067956
3.72222222222222 -1.08475598980315 2.65800016197278
3.77777777777777 -0.931511990082762 2.85454894982033
3.83333333333333 -0.768117780289664 3.02226564714948
3.88888888888888 -0.596364156672229 3.15439212015395
3.94444444444444 -0.418403241132243 3.24479544473337
3.99999999999999 -0.236694253484467 3.28866619101571
4.05555555555555 -0.0539123276212527 3.28312783448031
4.1111111111111 0.127170989393378 3.227627058935
4.16666666666666 0.303820583026436 3.12401404275638
4.22222222222222 0.473465841168692 2.97629399112825
4.27777777777777 0.633807028658929 2.79011048078699
4.33333333333333 0.782888153780215 2.57207814098127
4.38888888888888 0.91913170790026 2.32909893801501
4.44444444444444 1.0413376524639 2.06777408493893
4.49999999999999 1.14865405490932 1.79397844744821
4.55555555555555 1.24052912851017 1.51261629039871
4.6111111111111 1.31665439224369 1.22754077499479
4.66666666666666 1.37690707010968 0.941600149422237
4.72222222222221 1.42129760896791 0.656769141493346
4.77777777777777 1.44992600328768 0.374329302809663
4.83333333333332 1.46294885417634 0.0950714615160341
4.88888888888888 1.46055787024274 -0.180496997704514
4.94444444444443 1.44296977802703 -0.45194983280931
4.99999999999999 1.41042720444718 -0.718749925302565
5.05555555555555 1.3632098531269 -0.980071390239471
5.1111111111111 1.30165505920447 -1.23464091937817
5.16666666666666 1.22618643803844 -1.48060683217019
5.22222222222221 1.13734874820907 -1.71544888271693
5.27777777777777 1.03584623739917 -1.93594626408322
5.33333333333332 0.922580692999365 -2.13822350209941
5.38888888888888 0.798684361951335 -2.31789165304578
5.44444444444443 0.665542151798353 -2.47029323297149
5.49999999999999 0.524797482192172 -2.59084279018241
5.55555555555554 0.378337204202178 -2.67543287860124
5.6111111111111 0.228253324067464 -2.72085274571883
5.66666666666665 0.0767826611411417 -2.72515224727964
5.72222222222221 -0.0737706098585447 -2.68788395044973
5.77777777777777 -0.221121302050611 -2.61017538917862
5.83333333333332 -0.36308843557871 -2.49461722022169
5.88888888888888 -0.49766960577952 -2.34499142108992
5.94444444444443 -0.623097028875491 -2.16589439365957
5.99999999999999 -0.737871324206705 -1.96232407140681
6.05555555555554 -0.840772895035372 -1.73929601652779
6.1111111111111 -0.930853933913221 -1.50153579201753
6.16666666666665 -1.0074160663041 -1.2532716447313
6.22222222222221 -1.06997936616432 -0.99813017741039
6.27777777777776 -1.11824817390694 -0.739122646948758
6.33333333333332 -1.15207821462244 -0.478701846620358
6.38888888888887 -1.17144833232516 -0.218867881046551
6.44444444444443 -1.17643899649684 0.0386968008181762
6.49999999999998 -1.16721874149091 0.292479243690747
6.55555555555554 -1.14403889882764 0.540987515888656
6.6111111111111 -1.10723633747164 0.782612551936734
6.66666666666665 -1.05724336648614 1.01551009080033
6.72222222222221 -0.99460340772759 1.23751274432704
6.77777777777776 -0.919990470495571 1.44608287751722
6.83333333333332 -0.834229860353331 1.63831700766798
6.88888888888887 -0.738316997847375 1.81101065013501
6.94444444444443 -0.633430840724917 1.96078789679763
6.99999999999998 -0.520938371772336 2.08429202668118
7.05555555555554 -0.402387108740253 2.1784227190163
7.11111111111109 -0.27948371617745 2.24059397583859
7.16666666666665 -0.154058506853639 2.26897788216127
7.2222222222222 -0.0280176754790139 2.26269634982415
7.27777777777776 0.0967128979084951 2.22192836179641
7.33333333333332 0.218246976725365 2.14791380540371
7.38888888888887 0.334794586206236 2.04285367124679
7.44444444444443 0.444710599186453 1.90972512535227
7.49999999999998 0.546531408172695 1.7520436357958
7.55555555555554 0.638997783371468 1.57360980373892
7.61111111111109 0.721064061159781 1.37827558933747
7.66666666666665 0.79189550302487 1.16975554013788
7.7222222222222 0.850856766328494 0.951496920942725
7.77777777777776 0.897494883343275 0.72661154571242
7.83333333333331 0.931520051275911 0.497863675323088
7.88888888888887 0.95278706578359 0.267703236557134
7.94444444444442 0.961279561584095 0.0383314474781781
7.99999999999998 0.957098495073657 -0.188214218144461
8.05555555555554 0.940455599613402 -0.409967913492381
8.11111111111109 0.91167189936609 -0.624947171922943
8.16666666666665 0.871180785195569 -0.831078504220606
8.2222222222222 0.81953462756017 -1.0261459035825
8.27777777777776 0.757413425221545 -1.20777027679984
8.33333333333331 0.685633584889343 -1.37342617267613
8.38888888888887 0.605154643177967 -1.52049943297853
8.44444444444442 0.517081649642115 -1.64638523055806
8.49999999999998 0.422661106648852 -1.74862047413936
8.55555555555553 0.323268866320889 -1.825038418423
8.61111111111109 0.220389220738356 -1.87392777442639
8.66666666666664 0.115585512350658 -1.89417525372974
8.7222222222222 0.0104637744206141 -1.885370714198
8.77777777777776 -0.0933680359896969 -1.84785854127124
8.83333333333331 -0.194341952987865 -1.78272703639927
8.88888888888887 -0.290969624071317 -1.69173764629698
8.94444444444442 -0.381876574749117 -1.57720544377391
8.99999999999998 -0.465828891523595 -1.44184911537796
9.05555555555553 -0.541751210599852 -1.28863148787549
9.11111111111109 -0.608736047633378 -1.12061025283633
9.16666666666664 -0.666045481592884 -0.940814027395112
9.2222222222222 -0.713106880685839 -0.752152780260115
9.27777777777775 -0.749504685894275 -0.557365486066676
9.33333333333331 -0.77497027764892 -0.359002735480217
9.38888888888886 -0.789371717353518 -0.159438424030569
9.44444444444442 -0.79270476481739 0.0390974310673903
9.49999999999998 -0.785086102712004 0.234473541040633
9.55555555555553 -0.766749207381154 0.424608662929147
9.61111111111109 -0.738042828758943 0.607427674348661
9.66666666666664 -0.699431603818379 0.780829844120935
9.7222222222222 -0.651497945825012 0.942675556523044
9.77777777777775 -0.594944046542444 1.09079613133029
9.83333333333331 -0.530592628560893 1.22302919122212
9.88888888888886 -0.459385024495274 1.33727919589717
9.94444444444442 -0.382375272440538 1.43159940297354
9.99999999999997 -0.300719223105526 1.50428799619291
