0 3.04159265358979 0.1
0.01 3.04256654884609 0.0947892979232518
0.03 3.04435951444633 0.084545535941484
0.07 3.04734166504534 0.064694005215859
0.15 3.0509932638692 0.026963790515836
0.291726962886557 3.05028321970012 -0.0366937103992842
0.434625357751379 3.04040574914157 -0.102331515607354
0.582089884799057 3.01984829203977 -0.178521789613388
0.730279091004639 2.98675809690254 -0.271541556188211
0.875824195307944 2.93912865987218 -0.387929558762521
1.00837208016108 2.87902813957336 -0.524620368486093
1.13340315383997 2.80353562763009 -0.689609240088247
1.25119029873759 2.71117141314891 -0.886151897514087
1.36994371857621 2.59174641059586 -1.13435565720667
1.48462642151412 2.44523192016351 -1.43072922121918
1.59896663480393 2.2618095608243 -1.78826463627858
1.71328937363612 2.03393848050859 -2.20805850367091
1.82977709986699 1.74921371096246 -2.68688159047947
1.95500485995318 1.37936798474688 -3.21699340416823
2.08971232590647 0.911220247904878 -3.70936697483974
2.18381068036506 0.550661289122249 -3.93222575509962
2.27175944980354 0.200549754240663 -4.00540889263024
2.36154041657015 -0.156661723926186 -3.92563771894216
2.44844649415591 -0.489173366199853 -3.70459523132093
2.54040004053137 -0.814122043704698 -3.34473096542222
2.64653086863256 -1.14215614249299 -2.82317828439061
2.76230899848808 -1.4329625832753 -2.19564186107314
2.89649216680747 -1.67831163445228 -1.46509059853003
3.06877311212799 -1.85345419634776 -0.57952207747569
3.19414081935346 -1.88784000251189 0.026727556556835
3.32474641682738 -1.84422286729716 0.639264593973708
3.46393820239412 -1.71024339291235 1.28535046103095
3.62373995076666 -1.44612047059682 2.01588133953952
3.78415498884295 -1.06774407674261 2.68179603215686
3.89612034648169 -0.746207633725276 3.04161237023367
4.01800476982908 -0.359813653249612 3.26429807414606
4.11555144278211 -0.0393540692619382 3.28053278940202
4.20751937844602 0.257637478162791 3.15594557430286
4.30056209008163 0.540458770164757 2.90425268680438
4.40035563396543 0.812097119666579 2.52377330888749
4.51589368261659 1.07358412752761 1.99051415336218
4.66397186708154 1.31332690592262 1.24143709078494
4.81509520690027 1.44226071609985 0.466758253986328
4.97063464999535 1.45415430517796 -0.308980760299141
5.13833056525135 1.33483202085433 -1.10571722670019
5.3632411587738 0.976283397217169 -2.04735924015822
5.4728882227425 0.73159324524691 -2.39961262182529
5.57727654804593 0.468122545404694 -2.62839906119984
5.67526794389173 0.204853436792997 -2.72424829134175
5.77459493119723 -0.0651935525797304 -2.69114829786816
5.87090233475594 -0.317827005109509 -2.53598921251083
5.97006967937418 -0.556746401991457 -2.26577847405921
6.07711432358701 -0.779262546131759 -1.87785368725234
6.20001420231656 -0.978464209353547 -1.35356485747843
6.35099893147296 -1.13057648702541 -0.65639911367972
6.47205823255044 -1.17572413765759 -0.0904986751974351
6.59729378349297 -1.15110185999837 0.479727892007269
6.7273787377977 -1.0519666802434 1.03658520286278
6.86656758081322 -0.869984345659729 1.56322536322229
7.02230337621256 -0.589119089261544 2.01370519583095
7.14367753476628 -0.330772749260504 2.21888815627578
7.25016479796287 -0.0906372423848298 2.27018317792457
7.35168902999303 0.137297217630045 2.20108740409481
7.45306221502642 0.352306669678111 2.02399037468228
7.55838874083748 0.551474798896662 1.74344953220787
7.67234515931198 0.728827658170981 1.35754463697452
7.78340087641774 0.856144112857155 0.929025252016533
7.89663709960299 0.935257893149139 0.465831797415458
8.0073312790386 0.961458612313542 0.00826382429239059
8.11924888152479 0.937001152943248 -0.441901261453704
8.23368088805387 0.861436098367969 -0.872270980226046
8.35196109175578 0.734394692582039 -1.26520727686877
8.47664458412949 0.554974264422705 -1.59620193070314
8.58878247408046 0.363739406480714 -1.79755390977689
8.69563002291042 0.165907382576464 -1.888114846618
8.80340543405608 -0.0376746417787851 -1.87160766316834
8.9087696216195 -0.229481356994926 -1.75305774488931
9.01627219798161 -0.407228342430806 -1.53962271702169
9.12956107507357 -0.565022923498327 -1.23436105877236
9.25107282984058 -0.691793761475899 -0.843807550130364
9.35854692943546 -0.76243195268846 -0.467672923687985
9.46481727382754 -0.791883376509395 -0.0864327546079161
9.57123269376923 -0.780995403504781 0.288718940603765
9.67913647862657 -0.730233641747125 0.647220727281141
9.78962980605245 -0.640146490937947 0.975484567113328
9.90413713206982 -0.511706134262789 1.25625633615818
10 -0.382393269112896 1.43160014737871
