1 117 5
2 100 5
3 88 5
4 72 5
6 53 5
9 29.5 1
10 25.2 1
13 15.2 1
15 11.1 1


1 4.76217393479776 1.04994065073189
2 4.60517018598809 1.08573620475813
3 4.47733681447821 1.11673528420548
4 4.27666611901606 1.16913498993238
6 3.97029191355212 1.2593532437585
9 3.38439026334577 0.295474198360153
10 3.22684399451738 0.309900324186439
13 2.72129542785223 0.367472046498548
15 2.40694510831829 0.415464397814494


0 4.92566442305989 137.78085601531
0.2 4.89178449334436 133.191040635039
0.4 4.85790456362883 128.754123166962
0.6 4.8240246339133 124.465010209794
0.8 4.79014470419778 120.318778035834
1 4.75626477448225 116.310666938724
1.2 4.72238484476672 112.436075769501
1.4 4.68850491505119 108.690556654662
1.6 4.65462498533566 105.069809890189
1.8 4.62074505562013 101.56967900566
2 4.58686512590461 98.1861459927893
2.2 4.55298519618908 94.9153266929213
2.4 4.51910526647355 91.7534663381693
2.6 4.48522533675802 88.6969352410967
2.8 4.45134540704249 85.7422246279819
3 4.41746547732697 82.8859426108894
3.2 4.38358554761144 80.1248102939191
3.4 4.34970561789591 77.4556580091675
3.6 4.31582568818038 74.8754216780768
3.8 4.28194575846485 72.3811392939979
4 4.24806582874932 69.9699475219263
4.2 4.2141858990338 67.6390784115094
4.4 4.18030596931827 65.3858562195527
4.6 4.14642603960274 63.2076943383744
4.8 4.11254610988721 61.1020923264846
5 4.07866618017168 59.0666330381807
5.2 4.04478625045615 57.0989798487614
5.4 4.01090632074063 55.1968739721766
5.6 3.9770263910251 53.3581318680325
5.8 3.94314646130957 51.5806427349762
6 3.90926653159404 49.8623660875808
6.2 3.87538660187851 48.2013294139515
6.4 3.84150667216299 46.5956259113614
6.6 3.80762674244746 45.0434122973195
6.8 3.77374681273193 43.5429066935573
7 3.7398668830164 42.0923865805049
7.2 3.70598695330087 40.6901868199081
7.4 3.67210702358534 39.3346977433171
7.6 3.63822709386982 38.0243633042531
7.8 3.60434716415429 36.7576792919294
8 3.57046723443876 35.5331916044788
8.2 3.53658730472323 34.3494945797033
8.4 3.5027073750077 33.2052293814313
8.6 3.46882744529218 32.0990824396284
8.8 3.43494751557665 31.0297839424728
9 3.40106758586112 29.9961063786622
9.2 3.36718765614559 28.9968631282812
9.4 3.33330772643006 28.0309071006092
9.6 3.29942779671453 27.0971294173074
9.8 3.26554786699901 26.1944581394709
10 3.23166793728348 25.3218570370867
10.2 3.19778800756795 24.4783243994834
10.4 3.16390807785242 23.6628918854081
10.6 3.1300281481369 22.8746234114101
10.8 3.09614821842137 22.1126140772547
11 3.06226828870584 21.3759891271346
11.2 3.02838835899031 20.663902945486
11.4 2.99450842927478 19.9755380862557
11.6 2.96062849955925 19.3101043345065
11.8 2.92674856984373 18.6668377992826
12 2.8928686401282 18.0450000366935
12.2 2.85898871041267 17.4438772022106
12.4 2.82510878069714 16.8627792312025
12.6 2.79122885098161 16.3010390467687
12.8 2.75734892126609 15.7580117939627
13 2.72346899155056 15.2330740995244
13.2 2.68958906183503 14.7256233562729
13.4 2.6557091321195 14.235077031338
13.6 2.62182920240397 13.7608719974361
13.8 2.58794927268845 13.3024638864228
14 2.55406934297292 12.8593264643805
14.2 2.52018941325739 12.4309510275232
14.4 2.48630948354186 12.0168458182249
14.6 2.45242955382633 11.6165354605022
14.8 2.4185496241108 11.2295604143017
15 2.38466969439528 10.8554764479666

