1 117 5
2 100 5
3 88 5
4 72 5
6 53 5
9 29.5 1
10 25.2 1
13 15.2 1
15 11.1 1


1 4.76217393479776 0.0427350427350427
2 4.60517018598809 0.05
3 4.47733681447821 0.0568181818181818
4 4.27666611901606 0.0694444444444444
6 3.97029191355212 0.0943396226415094
9 3.38439026334577 0.0338983050847458
10 3.22684399451738 0.0396825396825397
13 2.72129542785223 0.0657894736842105
15 2.40694510831829 0.0900900900900901


0 4.95112516950657 4.98285045357812 4.91939988543502
0.2 4.9167110102168 4.94924213164375 4.88417988878984
0.4 4.88229685092703 4.91563380970938 4.84895989214467
0.6 4.84788269163726 4.88202548777502 4.8137398954995
0.8 4.81346853234749 4.84841716584065 4.77851989885433
1 4.77905437305772 4.81480884390629 4.74329990220915
1.2 4.74464021376795 4.78120052197192 4.70807990556398
1.4 4.71022605447818 4.74759220003755 4.67285990891881
1.6 4.67581189518841 4.71398387810319 4.63763991227364
1.8 4.64139773589864 4.68037555616882 4.60241991562846
2 4.60698357660887 4.64676723423446 4.56719991898329
2.2 4.57256941731911 4.61315891230009 4.53197992233812
2.4 4.53815525802934 4.57955059036572 4.49675992569295
2.6 4.50374109873957 4.54594226843136 4.46153992904778
2.8 4.4693269394498 4.51233394649699 4.4263199324026
3 4.43491278016003 4.47872562456263 4.39109993575743
3.2 4.40049862087026 4.44511730262826 4.35587993911226
3.4 4.36608446158049 4.41150898069389 4.32065994246709
3.6 4.33167030229072 4.37790065875953 4.28543994582191
3.8 4.29725614300095 4.34429233682516 4.25021994917674
4 4.26284198371118 4.3106840148908 4.21499995253157
4.2 4.22842782442141 4.27707569295643 4.1797799558864
4.4 4.19401366513164 4.24346737102207 4.14455995924122
4.6 4.15959950584188 4.2098590490877 4.10933996259605
4.8 4.12518534655211 4.17625072715333 4.07411996595088
5 4.09077118726234 4.14264240521897 4.03889996930571
5.2 4.05635702797257 4.1090340832846 4.00367997266053
5.4 4.0219428686828 4.07542576135024 3.96845997601536
5.6 3.98752870939303 4.04181743941587 3.93323997937019
5.8 3.95311455010326 4.0082091174815 3.89801998272502
6 3.91870039081349 3.97460079554714 3.86279998607985
6.2 3.88428623152372 3.94099247361277 3.82757998943467
6.4 3.84987207223395 3.90738415167841 3.7923599927895
6.6 3.81545791294418 3.87377582974404 3.75713999614433
6.8 3.78104375365441 3.84016750780967 3.72191999949916
7 3.74662959436465 3.80655918587531 3.68670000285398
7.2 3.71221543507488 3.77295086394094 3.65148000620881
7.4 3.67780127578511 3.73934254200658 3.61626000956364
7.6 3.64338711649534 3.70573422007221 3.58104001291847
7.8 3.60897295720557 3.67212589813784 3.54582001627329
8 3.5745587979158 3.63851757620348 3.51060001962812
8.2 3.54014463862603 3.60490925426911 3.47538002298295
8.4 3.50573047933626 3.57130093233475 3.44016002633778
8.6 3.47131632004649 3.53769261040038 3.4049400296926
8.8 3.43690216075672 3.50408428846601 3.36972003304743
9 3.40248800146695 3.47047596653165 3.33450003640226
9.2 3.36807384217718 3.43686764459728 3.29928003975709
9.4 3.33365968288742 3.40325932266292 3.26406004311192
9.6 3.29924552359765 3.36965100072855 3.22884004646674
9.8 3.26483136430788 3.33604267879418 3.19362004982157
10 3.23041720501811 3.30243435685982 3.1584000531764
10.2 3.19600304572834 3.26882603492545 3.12318005653123
10.4 3.16158888643857 3.23521771299109 3.08796005988605
10.6 3.1271747271488 3.20160939105672 3.05274006324088
10.8 3.09276056785903 3.16800106912236 3.01752006659571
11 3.05834640856926 3.13439274718799 2.98230006995054
11.2 3.02393224927949 3.10078442525362 2.94708007330537
11.4 2.98951808998973 3.06717610331926 2.91186007666019
11.6 2.95510393069996 3.03356778138489 2.87664008001502
11.8 2.92068977141019 2.99995945945053 2.84142008336985
12 2.88627561212042 2.96635113751616 2.80620008672468
12.2 2.85186145283065 2.93274281558179 2.7709800900795
12.4 2.81744729354088 2.89913449364743 2.73576009343433
12.6 2.78303313425111 2.86552617171306 2.70054009678916
12.8 2.74861897496134 2.8319178497787 2.66532010014399
13 2.71420481567157 2.79830952784433 2.63010010349881
13.2 2.6797906563818 2.76470120590997 2.59488010685364
13.4 2.64537649709204 2.7310928839756 2.55966011020847
13.6 2.61096233780227 2.69748456204123 2.5244401135633
13.8 2.5765481785125 2.66387624010687 2.48922011691813
14 2.54213401922273 2.6302679181725 2.45400012027295
14.2 2.50771985993296 2.59665959623814 2.41878012362778
14.4 2.47330570064319 2.56305127430377 2.38356012698261
14.6 2.43889154135342 2.5294429523694 2.34834013033744
14.8 2.40447738206365 2.49583463043504 2.31312013369226
15 2.37006322277388 2.46222630850067 2.27790013704709


