0 0 0
0.05 0.0490792045194228 0.00122698011298557
0.1 0.0981584090388457 0.00490792045194228
0.15 0.147237613558269 0.0110428210168701
0.2 0.196316818077691 0.0196316818077691
0.25 0.245396022597114 0.0306745028246393
0.3 0.294475227116537 0.0441712840674805
0.35 0.341753452109831 0.0601070173735752
0.4 0.385429718050869 0.0782865966275927
0.45 0.429105983991907 0.0986499891786621
0.5 0.472782249932945 0.121197195026783
0.55 0.516458515873982 0.145928214171957
0.6 0.56013478181502 0.172843046614182
0.65 0.603811047756058 0.201941692353459
0.7 0.640679921243553 0.233110694848895
0.75 0.674145098504277 0.265981320342591
0.8 0.707610275765001 0.300525204699323
0.85 0.741075453025725 0.336742347919091
0.9 0.774540630286449 0.374632750001895
0.95 0.808005807547173 0.414196410947736
1 0.841470984807897 0.455433330756613
1.05 0.861041022291209 0.49799613093409
1.1 0.880611059774521 0.541537432985734
1.15 0.900181097257834 0.586057236911543
1.2 0.919751134741146 0.631555542711517
1.25 0.939321172224459 0.678032350385657
1.3 0.958891209707771 0.725487659933963
1.35 0.973111404182735 0.773876889331365
1.4 0.976631912641003 0.822620472251958
1.45 0.980152421099271 0.871540080595465
1.5 0.983672929557539 0.920635714361886
1.55 0.987193438015807 0.969907373551219
1.6 0.990713946474075 1.01935505816347
1.65 0.994234454932342 1.06897876819863
1.7 0.986796904659156 1.11859586934451
1.75 0.973880325020244 1.16761280008649
1.8 0.960963745381331 1.21598390184653
1.85 0.948047165742419 1.26370917462463
1.9 0.935130586103506 1.31078861842078
1.95 0.922214006464594 1.35722223323498
2 0.909297426825681 1.40301001906724
2.05 0.881365695062578 1.44777659711444
2.1 0.853433963299474 1.49114658857349
2.15 0.825502231536371 1.53311999344439
2.2 0.797570499773267 1.57369681172713
2.25 0.769638768010164 1.61287704342172
2.3 0.74170703624706 1.65066068852815
2.35 0.709795218983199 1.68701457966725
2.4 0.669923230717822 1.72150754090977
2.45 0.630051242452446 1.75400690273903
2.5 0.590179254187069 1.78451266515502
2.55 0.550307265921692 1.81302482815774
2.6 0.510435277656315 1.83954339174719
2.65 0.470563289390939 1.86406835592337
2.7 0.425657364778219 1.88651582174716
2.75 0.378234471991827 1.90661311766641
2.8 0.330811579205436 1.92433926894634
2.85 0.283388686419044 1.93969427558695
2.9 0.235965793632653 1.95267813758825
2.95 0.188542900846261 1.96329085495022
3 0.14112000805987 1.97153242767287
3.05 0.0913668124195672 1.97734459818486
3.1 0.0416136167792645 1.98066910891483
3.15 -0.00813957886103822 1.98150595986278
3.2 -0.0578927745013409 1.97985515102872
3.25 -0.107645970141644 1.97571668241265
3.3 -0.157399165781946 1.96909055401456
3.35 -0.206103417161125 1.95998550703663
3.4 -0.252709780018053 1.94851517710715
3.45 -0.299316142874982 1.93471452903483
3.5 -0.345922505731911 1.91858356281965
3.55 -0.39252886858884 1.90012227846163
3.6 -0.439135231445768 1.87933067596077
3.65 -0.485741594302697 1.85620875531706
3.69999999999999 -0.526829593260299 1.83084848926216
3.74999999999999 -0.565158410268237 1.80354878917394
3.79999999999999 -0.603487227276174 1.77433264823533
3.84999999999999 -0.641816044284111 1.74320006644633
3.89999999999999 -0.680144861292049 1.71015104380692
3.94999999999999 -0.718473678299986 1.67518558031712
3.99999999999999 -0.756802495307923 1.63830367597692
4.04999999999999 -0.78263429620235 1.59981775618917
4.09999999999999 -0.808466097096775 1.56004024635669
4.14999999999999 -0.8342978979912 1.51897114647949
4.19999999999999 -0.860129698885625 1.47661045655757
4.24999999999999 -0.88596149978005 1.43295817659093
4.29999999999999 -0.911793300674475 1.38801430657956
4.34999999999999 -0.932511522062119 1.34182145968604
4.39999999999999 -0.943002584436194 1.29493360702358
4.44999999999999 -0.953493646810269 1.24752120124242
4.49999999999999 -0.963984709184344 1.19958424234255
4.54999999999999 -0.974475771558418 1.15112273032398
4.59999999999999 -0.984966833932493 1.10213666518671
4.64999999999999 -0.995457896306568 1.05262604693073
4.69999999999999 -1.00594895868064 1.00259087555605
4.74999999999999 -1.01644002105472 0.95203115106267
4.79999999999999 -1.02693108342879 0.900946873450583
4.84999999999999 -1.03742214580287 0.849338042719791
4.89999999999999 -1.04791320817694 0.797204658870296
4.94999999999999 -1.05840427055102 0.744546721902097
4.99999999999999 -1.06889533292509 0.691364231815195
