0.01 -0.499720893264595 -0.5
0.0099 -0.499723135526375 -0.5
0.0098 -0.499725389647807 -0.5
0.0097 -0.499727650944711 -0.5
0.0096 -0.499729973407606 -0.5
0.0095 -0.499732250287471 -0.5
0.0094 -0.499734539952052 -0.5
0.0093 -0.499736831595248 -0.5
0.00920000000000001 -0.49973913337677 -0.5
0.00910000000000001 -0.499741438218595 -0.5
0.00900000000000001 -0.499743820043654 -0.5
0.00890000000000001 -0.499746139622787 -0.5
0.00880000000000001 -0.499748465445673 -0.5
0.00870000000000001 -0.49975082148925 -0.5
0.00860000000000001 -0.499753158515824 -0.5
0.00850000000000001 -0.499755503640619 -0.5
0.00840000000000001 -0.499757854693486 -0.5
0.00830000000000001 -0.499760213369998 -0.5
0.00820000000000001 -0.499762648528151 -0.5
0.00810000000000001 -0.499765308524911 -0.5
0.00800000000000001 -0.499767728181193 -0.5
0.00790000000000001 -0.499770128870139 -0.5
0.00780000000000001 -0.499772544307019 -0.5
0.00770000000000001 -0.499774970990018 -0.5
0.00760000000000001 -0.499777411263602 -0.5
0.00750000000000001 -0.499779866434312 -0.5
0.00740000000000001 -0.499782337909584 -0.5
0.00730000000000001 -0.499784827439445 -0.5
0.00720000000000001 -0.499787361166778 -0.5
0.00710000000000001 -0.499789894424514 -0.5
0.00700000000000001 -0.499792451499678 -0.5
0.00690000000000001 -0.499795034710261 -0.5
0.00680000000000001 -0.499797701380334 -0.5
0.00670000000000001 -0.499800390248939 -0.5
0.00660000000000001 -0.49980306815008 -0.5
0.00650000000000001 -0.499805769492176 -0.5
0.00640000000000001 -0.499808526080935 -0.5
0.00630000000000001 -0.499811329404426 -0.5
0.00620000000000001 -0.499814184385981 -0.5
0.00610000000000001 -0.499817096631922 -0.5
0.00600000000000001 -0.499820086040701 -0.5
0.00590000000000001 -0.499822370633052 -0.5
0.00580000000000001 -0.499824722484933 -0.5
0.00570000000000001 -0.499827059104437 -0.5
0.00560000000000001 -0.499829295219601 -0.5
0.00550000000000001 -0.499831634473357 -0.5
0.00540000000000001 -0.499833988576991 -0.5
0.00530000000000001 -0.499836417612068 -0.5
0.00520000000000001 -0.499838809896349 -0.5
0.00510000000000001 -0.499841257528525 -0.5
0.00500000000000001 -0.499843667944163 -0.5
0.00490000000000001 -0.499846121877728 -0.5
0.0048 -0.499848621944148 -0.5
0.0047 -0.499851125093392 -0.5
0.0046 -0.499853670205485 -0.5
0.0045 -0.499856230711801 -0.5
0.0044 -0.49985889477684 -0.5
0.0043 -0.499861533698926 -0.5
0.0042 -0.499861623919473 -0.5
0.0041 -0.499863630943387 -0.5
0.004 -0.499865794765618 -0.5
0.0039 -0.499868042668695 -0.5
0.0038 -0.499870345861467 -0.5
0.0037 -0.499872724491731 -0.5
0.0036 -0.499875192084843 -0.5
0.0035 -0.499877727409501 -0.5
0.0034 -0.499880250094322 -0.5
0.0033 -0.499882825155721 -0.5
0.0032 -0.499885204627158 -0.5
0.0031 -0.499887880051306 -0.5
0.003 -0.499890660914307 -0.5
0.0029 -0.49989347485297 -0.5
0.0028 -0.49989643579192 -0.5
0.0027 -0.499900171690016 -0.5
0.00260000000000001 -0.499904342939798 -0.5
0.00250000000000001 -0.499908757091259 -0.5
0.00240000000000001 -0.499913524148051 -0.5
0.00230000000000001 -0.499917724986798 -0.5
0.00220000000000001 -0.499921975671315 -0.5
0.00210000000000001 -0.499926779784925 -0.5
0.00200000000000001 -0.499931602594132 -0.5
0.00190000000000001 -0.499936572554239 -0.5
0.00180000000000001 -0.499941695702286 -0.5
0.00170000000000001 -0.499946969736732 -0.5
0.00160000000000001 -0.49995252445245 -0.5
0.00150000000000001 -0.499960570401804 -0.5
0.00140000000000001 -0.499963823879761 -0.5
0.00130000000000001 -0.499967382403829 -0.5
0.00120000000000001 -0.49997106195922 -0.5
0.00110000000000001 -0.499975105422117 -0.5
0.00100000000000001 -0.499978641839801 -0.5
0.000900000000000006 -0.499982200052048 -0.5
0.000800000000000006 -0.499985962440533 -0.5
0.000700000000000006 -0.49998989860656 -0.5
0.000600000000000005 -0.499994956815163 -0.5
0.000500000000000005 -0.500000957233879 -0.5
0.000400000000000005 -0.500006729841214 -0.5
0.000300000000000005 -0.500006019408066 -0.5
0.000200000000000005 -0.500004001795846 -0.5
0.000100000000000005 -0.500002862451475 -0.5


0.01 -0.499845324354198 -0.5
0.0099 -0.499846964681551 -0.5
0.0098 -0.499848402667609 -0.5
0.0097 -0.499849835433434 -0.5
0.0096 -0.499851263101289 -0.5
0.0095 -0.499852685817876 -0.5
0.0094 -0.499854103651615 -0.5
0.0093 -0.499855516748543 -0.5
0.00920000000000001 -0.499856925134999 -0.5
0.00910000000000001 -0.499858328907511 -0.5
0.00900000000000001 -0.499859593932182 -0.5
0.00890000000000001 -0.499860999403133 -0.5
0.00880000000000001 -0.499862400506531 -0.5
0.00870000000000001 -0.499863797218492 -0.5
0.00860000000000001 -0.499865189540947 -0.5
0.00850000000000001 -0.499866577417288 -0.5
0.00840000000000001 -0.499867960785624 -0.5
0.00830000000000001 -0.499869339627554 -0.5
0.00820000000000001 -0.49987071383534 -0.5
0.00810000000000001 -0.499872083317748 -0.5
0.00800000000000001 -0.499872913906908 -0.5
0.00790000000000001 -0.499874431352303 -0.5
0.00780000000000001 -0.49987578657204 -0.5
0.00770000000000001 -0.499877136366575 -0.5
0.00760000000000001 -0.499878480565877 -0.5
0.00750000000000001 -0.499879818933644 -0.5
0.00740000000000001 -0.499881151256665 -0.5
0.00730000000000001 -0.499882125638644 -0.5
0.00720000000000001 -0.499883458104147 -0.5
0.00710000000000001 -0.499884785213979 -0.5
0.00700000000000001 -0.499886152431486 -0.5
0.00690000000000001 -0.499887468558753 -0.5
0.00680000000000001 -0.499888781853021 -0.5
0.00670000000000001 -0.499890093746136 -0.5
0.00660000000000001 -0.499891405845576 -0.5
0.00650000000000001 -0.49989288868781 -0.5
0.00640000000000001 -0.499894198096308 -0.5
0.00630000000000001 -0.499894814166907 -0.5
0.00620000000000001 -0.499896138678607 -0.5
0.00610000000000001 -0.499897468108377 -0.5
0.00600000000000001 -0.499898802437103 -0.5
0.00590000000000001 -0.499900141574156 -0.5
0.00580000000000001 -0.49990211604592 -0.5
0.00570000000000001 -0.499903509069096 -0.5
0.00560000000000001 -0.49990541332585 -0.5
0.00550000000000001 -0.499906884586716 -0.5
0.00540000000000001 -0.499908727400763 -0.5
0.00530000000000001 -0.499910326596041 -0.5
0.00520000000000001 -0.499912091319614 -0.5
0.00510000000000001 -0.499913867438467 -0.5
0.00500000000000001 -0.49991568242924 -0.5
0.00490000000000001 -0.499917962957678 -0.5
0.0048 -0.499920507393689 -0.5
0.0047 -0.499922994189674 -0.5
0.0046 -0.499925503529142 -0.5
0.0045 -0.499928184224861 -0.5
0.0044 -0.499930723551567 -0.5
0.0043 -0.499933344724449 -0.5
0.0042 -0.499936150079498 -0.5
0.0041 -0.499938842810275 -0.5
0.004 -0.499941580188117 -0.5
0.0039 -0.499944345970945 -0.5
0.0038 -0.499949108708006 -0.5
0.0037 -0.499951074408174 -0.5
0.0036 -0.49995350188785 -0.5
0.0035 -0.499955865474543 -0.5
0.0034 -0.499957974135473 -0.5
0.0033 -0.499960447340278 -0.5
0.0032 -0.499962628406182 -0.5
0.0031 -0.499965007418243 -0.5
0.003 -0.499967370231095 -0.5
0.0029 -0.499969698635277 -0.5
0.0028 -0.499971774542904 -0.5
0.0027 -0.49997339045021 -0.5
0.00260000000000001 -0.49997398565947 -0.5
0.00250000000000001 -0.499975052095343 -0.5
0.00240000000000001 -0.499975509833972 -0.5
0.00230000000000001 -0.49997621267999 -0.5
0.00220000000000001 -0.499976755015 -0.5
0.00210000000000001 -0.499977155271271 -0.5
0.00200000000000001 -0.49997764509138 -0.5
0.00190000000000001 -0.499977955244043 -0.5
0.00180000000000001 -0.499978481679308 -0.5
0.00170000000000001 -0.4999784557398 -0.5
0.00160000000000001 -0.499978539338562 -0.5
0.00150000000000001 -0.499978574846686 -0.5
0.00140000000000001 -0.499978486243994 -0.5
0.00130000000000001 -0.499978515252348 -0.5
0.00120000000000001 -0.499978530958074 -0.5
0.00110000000000001 -0.499978515105005 -0.5
0.00100000000000001 -0.499978641835519 -0.5
0.000900000000000006 -0.499978633395313 -0.5
0.000800000000000006 -0.499978660584828 -0.5
0.000700000000000006 -0.499978677596907 -0.5
0.000600000000000005 -0.499978707204725 -0.5
0.000500000000000005 -0.49997873682716 -0.5
0.000400000000000005 -0.49997875570803 -0.5
0.000300000000000005 -0.499978771489017 -0.5
0.000200000000000005 -0.499978790009489 -0.5
0.000100000000000005 -0.499978799453144 -0.5
