0.6 9.10916409601453 -0.5
0.7 6.1802846822184 -0.5
0.8 4.33307753206058 -0.5
0.9 3.18127639961888 -0.5
1 2.31094249458917 -0.5
1.1 1.68707371924694 -0.5
1.2 1.22777943920987 -0.5
1.3 0.88211998286598 -0.5
1.4 0.61714123621912 -0.5
1.5 0.410812082937778 -0.5
1.6 0.247986365570399 -0.5
1.7 0.117997372597741 -0.5
1.8 0.0131715718863302 -0.5
1.9 -0.0721124613593736 -0.5
2 -0.142042429042349 -0.5
2.1 -0.191733160012411 -0.5
2.2 -0.239987451365405 -0.5
2.3 -0.280267238233129 -0.5
2.4 -0.314055488644079 -0.5
2.5 -0.342524585773416 -0.5
2.6 -0.366609923013787 -0.5
2.7 -0.383244107716508 -0.5
2.8 -0.400616822090849 -0.5
2.9 -0.41544026802658 -0.5
3 -0.428123435103715 -0.5
3.1 -0.439003830543269 -0.5
3.2 -0.448361622257363 -0.5
3.3 -0.454124899560432 -0.5
3.4 -0.460997473003161 -0.5
3.5 -0.466929590076007 -0.5
3.6 -0.472060093881757 -0.5
3.7 -0.476506450029666 -0.5
3.8 -0.478865768955059 -0.5
3.9 -0.482140654046928 -0.5
4 -0.48498197843462 -0.5
4.1 -0.487452038180474 -0.5
4.2 -0.48960378727216 -0.5
4.3 -0.490449644978866 -0.5
4.4 -0.49202716138223 -0.5
4.5 -0.493400803319932 -0.5
4.6 -0.494599867873227 -0.5
4.7 -0.494966675796622 -0.5
4.8 -0.49584023016047 -0.5
4.9 -0.496601720930379 -0.5
5 -0.497267423350377 -0.5
5.1 -0.497851469546299 -0.5
5.2 -0.497877360603399 -0.5
5.3 -0.498297243367377 -0.5
5.4 -0.49866494147081 -0.5
5.5 -0.49898832584456 -0.5
5.6 -0.499274245341067 -0.5
5.7 -0.49917708273341 -0.5
5.8 -0.499379071431966 -0.5
5.9 -0.499557311356052 -0.5
5.99999999999999 -0.499715614369777 -0.5
6.09999999999999 -0.499621951173324 -0.5
6.19999999999999 -0.499732428016331 -0.5
6.29999999999999 -0.499830367914778 -0.5
6.39999999999999 -0.499917856926996 -0.5
6.49999999999999 -0.499996715346611 -0.5
6.59999999999999 -0.499899865636784 -0.5
6.69999999999999 -0.499953616135368 -0.5
6.79999999999999 -0.500002010906472 -0.5
6.89999999999999 -0.500046017059249 -0.5
6.99999999999999 -0.4999743229341 -0.5
7.09999999999999 -0.500003876530548 -0.5
7.19999999999999 -0.500030729437734 -0.5
7.29999999999999 -0.500055422995076 -0.5
7.39999999999999 -0.500078405171459 -0.5
7.49999999999999 -0.500020369377042 -0.5
7.59999999999999 -0.500035367852526 -0.5
7.69999999999999 -0.500049328057795 -0.5
7.79999999999999 -0.500062496130845 -0.5
7.89999999999999 -0.500022446051562 -0.5
7.99999999999999 -0.500030905750028 -0.5
8.09999999999999 -0.500038883754911 -0.5
8.19999999999999 -0.500046515295374 -0.5
8.29999999999999 -0.500053912622145 -0.5
8.39999999999999 -0.500024095531125 -0.5
8.49999999999999 -0.500028741613514 -0.5
8.59999999999999 -0.500033201759744 -0.5
8.69999999999999 -0.500037588231289 -0.5
8.79999999999998 -0.500017609834621 -0.5
8.89999999999998 -0.500020304956561 -0.5
8.99999999999998 -0.50002295258397 -0.5
9.09999999999998 -0.500025588835569 -0.5
9.19999999999998 -0.500028244298307 -0.5
9.29999999999998 -0.50001390395542 -0.5
9.39999999999998 -0.500015496885839 -0.5
9.49999999999998 -0.500017102114973 -0.5
9.59999999999998 -0.500018737803117 -0.5
9.69999999999998 -0.500009284558981 -0.5
9.79999999999998 -0.500010253130912 -0.5
9.89999999999998 -0.500011239245208 -0.5
9.99999999999998 -0.500012252407465 -0.5


0.5 -0.859838276248341 -0.5
0.495 -0.84374602906275 -0.5
0.49 -0.828360370185549 -0.5
0.485 -0.813669409701155 -0.5
0.48 -0.799630548643486 -0.5
0.475 -0.786212909806934 -0.5
0.47 -0.773387279940474 -0.5
0.465 -0.761125865096737 -0.5
0.46 -0.749383334689929 -0.5
0.455 -0.738169319342917 -0.5
0.45 -0.727444048695616 -0.5
0.445 -0.7171849343838 -0.5
0.44 -0.707370521015024 -0.5
0.435 -0.697980426726292 -0.5
0.43 -0.688995267306516 -0.5
0.425 -0.680396678347109 -0.5
0.42 -0.672141785905948 -0.5
0.415 -0.664262208131938 -0.5
0.41 -0.656718838590062 -0.5
0.405 -0.64949694997681 -0.5
0.4 -0.642582254626535 -0.5
0.395 -0.635961169811847 -0.5
0.39 -0.629620779249802 -0.5
0.385 -0.623548798693205 -0.5
0.38 -0.61773352646522 -0.5
0.375 -0.612163880274413 -0.5
0.37 -0.60682926524853 -0.5
0.365 -0.601719719977409 -0.5
0.36 -0.596825327798604 -0.5
0.355 -0.592137199898067 -0.5
0.35 -0.587610301871069 -0.5
0.345 -0.583307064612524 -0.5
0.34 -0.579185248445133 -0.5
0.335 -0.575237357394682 -0.5
0.33 -0.571456251729532 -0.5
0.325 -0.567835113029222 -0.5
0.32 -0.56436748657978 -0.5
0.315 -0.561047179909003 -0.5
0.31 -0.557868304702754 -0.5
0.305 -0.554825246907305 -0.5
0.3 -0.551912512969332 -0.5
0.295 -0.549125102450857 -0.5
0.29 -0.546458130297753 -0.5
0.285 -0.543906931842382 -0.5
0.28 -0.54146705598783 -0.5
0.275 -0.539134239918868 -0.5
0.27 -0.536904422457784 -0.5
0.265 -0.534773701632157 -0.5
0.26 -0.532738385527486 -0.5
0.255 -0.530794898115791 -0.5
0.25 -0.528939836259476 -0.5
0.245 -0.527170001485412 -0.5
0.24 -0.525482060115108 -0.5
0.235 -0.523873153306108 -0.5
0.23 -0.522340413604155 -0.5
0.225 -0.520881076616341 -0.5
0.22 -0.51949249397388 -0.5
0.215 -0.51817212093224 -0.5
0.21 -0.516917508842301 -0.5
0.205 -0.515726306308103 -0.5
0.2 -0.514596238122877 -0.5
0.195 -0.513478511069178 -0.5
0.19 -0.51246362520487 -0.5
0.185 -0.511503584934165 -0.5
0.18 -0.510596427586073 -0.5
0.175 -0.509740273343291 -0.5
0.17 -0.508933175773585 -0.5
0.165 -0.508173441143653 -0.5
0.16 -0.507459343230179 -0.5
0.155 -0.506789202454095 -0.5
0.15 -0.506161392502634 -0.5
0.145 -0.505574325172619 -0.5
0.14 -0.505026454754362 -0.5
0.135 -0.504516263389576 -0.5
0.13 -0.504042292589588 -0.5
0.125 -0.50360309261448 -0.5
0.12 -0.503197254005557 -0.5
0.115 -0.502823386937496 -0.5
0.11 -0.502480138381028 -0.5
0.105 -0.502166052110045 -0.5
0.0999999999999996 -0.5018798880409 -0.5
0.0949999999999996 -0.501620336083991 -0.5
0.0899999999999996 -0.501386092440839 -0.5
0.0849999999999996 -0.501175872723415 -0.5
0.0799999999999996 -0.500988387444688 -0.5
0.0749999999999996 -0.500822374773061 -0.5
0.0699999999999996 -0.50067655710314 -0.5
0.0649999999999996 -0.500549667659189 -0.5
0.0599999999999996 -0.500440491403139 -0.5
0.0549999999999996 -0.500347554958819 -0.5
0.0499999999999996 -0.500269710091066 -0.5
0.0449999999999996 -0.500205669656743 -0.5
0.0399999999999996 -0.500154130559843 -0.5
0.0349999999999996 -0.500113786820673 -0.5
0.0299999999999996 -0.500083301841132 -0.5
0.0249999999999996 -0.500061352615498 -0.5
0.0199999999999996 -0.500046578746118 -0.5
0.0149999999999996 -0.500037601417186 -0.5
0.00999999999999962 -0.500032886146435 -0.5
0.00499999999999962 -0.500031125656417 -0.5
