0 0 0 0
0.03125 0.0302885427317801 0.0302885385773858 0.0302885381096208
0.0625 0.058713334362105 0.0587133164258422 0.058713315488731
0.09375 0.0853603982962439 0.0853603463793782 0.0853603449718755
0.125 0.110312225089999 0.110312112823074 0.110312110933129
0.15625 0.133647931241835 0.133647707391785 0.133647704916262
0.1875 0.15544324773716 0.155442959658825 0.155442956712245
0.21875 0.175771023722722 0.175770562994482 0.175770559531701
0.25 0.194700760059533 0.194700195767851 0.194700191436919
0.28125 0.212299303738682 0.212298638059408 0.212298631455038
0.3125 0.228630747224193 0.228629884045826 0.228629871900936
0.34375 0.243756304901711 0.243755250212856 0.243755237539435
0.375 0.257734667528719 0.257733479546615 0.257733466317521
0.40625 0.270622202331963 0.270620841848292 0.270620827825149
0.4375 0.282472911700153 0.282471230312203 0.282471214486271
0.46875 0.293338120872778 0.293336254502152 0.293336233952347
0.5 0.303267379304968 0.303265329856317 0.303265297839005
0.53125 0.312308034121687 0.312305763846247 0.312305706953124
0.5625 0.320505450992034 0.320502838911144 0.320502733151768
0.59375 0.327902813459322 0.327899892284293 0.327899697968721
0.625 0.334541555398337 0.334538392824369 0.334538048138944
0.65625 0.340461440091984 0.340458014960365 0.340457635142917
0.6875 0.345700453036449 0.345696709855022 0.345696326682228
0.71875 0.350294976035581 0.350290773887914 0.350290387253982
0.75 0.354279468122838 0.354274914555761 0.354274523950485
0.78125 0.357687186582167 0.357682313884074 0.357681917718912
0.8125 0.360549899719278 0.360544689440877 0.360544283878501
0.84375 0.36289794226519 0.362892353040053 0.362891930212219
0.875 0.364760330836319 0.364754267218695 0.364753812731524
0.90625 0.366164707105513 0.366158099569904 0.366157589208866
0.9375 0.367137281236352 0.367130275009499 0.36712967056877
0.96875 0.367703445891031 0.367696026052368 0.367695270224681
1 0.367887296024212 0.367879441171442 0.367878451445203
1.03125 0.367711841714206 0.367703511309695 0.367702172830033
1.0625 0.367199062622451 0.367190174613035 0.367188331972581
1.09375 0.366369930757932 0.366360359449541 0.366357807383205
1.125 0.365244091731804 0.365234025778143 0.365230588012523
1.15625 0.363840779760031 0.363830204927593 0.363826798547622
1.1875 0.362178138077775 0.362167037844383 0.362163661114352
1.21875 0.360273461649417 0.360261811866171 0.360258463063345
1.25 0.358143237470917 0.358130996075238 0.358127673191174
1.28125 0.355803184506088 0.355790275284543 0.355786975432682
1.3125 0.353268292940054 0.353254582707054 0.353251301146818
1.34375 0.35055246626331 0.350538131357195 0.350534860057429
1.375 0.347669397377224 0.347654444231526 0.347651169907458
1.40625 0.344631969661712 0.344616383314021 0.34461308488227
1.4375 0.341452415107704 0.341436177449721 0.341432822855184
1.46875 0.338142364025404 0.338125449128937 0.338121991505888
1.5 0.334712873837683 0.334695240222645 0.334691613360083
1.53125 0.331174457352461 0.331156036708265 0.331152149796512
1.5625 0.327537110415671 0.32751779242359 0.327513524065509
1.59375 0.323810086148537 0.323789951885254 0.323785143361194
1.625 0.32000234769452 0.319981472206815 0.319976344757644
1.65625 0.316122475556715 0.316100844150274 0.316095737480104
1.6875 0.312178515504918 0.312156112343576 0.312151025490402
1.71875 0.308178088448399 0.308154894695516 0.308149826617492
1.75 0.30412841049952 0.304104401038279 0.30409935035961
1.78125 0.300036312611187 0.300011451026766 0.300006415575519
1.8125 0.295908259760583 0.2958824913228 0.295877467408526
1.84375 0.291750369655924 0.291723612091263 0.291718593477846
1.875 0.287568401077351 0.287540562834241 0.287535539370205
1.90625 0.283367487147816 0.283338767588296 0.283333723463036
1.9375 0.279152956172488 0.279123339509066 0.279118251109096
1.96875 0.274929624784257 0.274899094866504 0.274893928210982
2 0.270702026654257 0.270670566473225 0.270665274212659
2.03125 0.266474425887595 0.266442016567582 0.266436534533889
2.0625 0.26225083006905 0.262217449172323 0.262211692472222
2.09375 0.258035002962943 0.258000621948903 0.257994480596126
2.125 0.253830476869736 0.253795057566779 0.253788391651722
2.15625 0.249640564640863 0.249604054606318 0.249597094619249
2.1875 0.24546837135264 0.245430698013252 0.245423749264583
2.21875 0.241316805639735 0.241277869121959 0.241270931066568
2.25 0.23718826774336 0.237148255264195 0.237141327304132
2.28125 0.233085457933387 0.233044358979306 0.233037440318679
2.3125 0.229010711618471 0.228968506841348 0.228961596222529
2.34375 0.224966188355681 0.224922857917965 0.224915953209586
2.375 0.22095388857697 0.220909411875326 0.220902509486794
2.40625 0.216975661560445 0.216930016742902 0.216923110844029
2.4375 0.213033213138493 0.212986376351337 0.212979457879267
2.46875 0.209128113153879 0.209080057456177 0.209073112895006
2.5 0.205261802672981 0.205212496559747 0.205205506481213
2.53125 0.201435600963818 0.201385006443014 0.201377943799306
2.5625 0.197650712245185 0.197598782418812 0.197591610581013
2.59375 0.193908232212221 0.193854908317401 0.193847578855285
2.625 0.190209094076035 0.19015436221491 0.190146812415839
2.65625 0.186554093468184 0.186498021914812 0.186490172041289
2.6875 0.182944106638742 0.182886670192215 0.182878420479299
2.71875 0.179379826896023 0.179320999810369 0.179312227205623
2.75 0.175861862320345 0.175801618318446 0.175792692773713
2.78125 0.172390740328328 0.172329052639292 0.172320128104481
2.8125 0.168966912036777 0.168903753455554 0.168894829661427
2.84375 0.165590756437321 0.16552609940222 0.165517176038856
2.875 0.162262584391671 0.16219640107336 0.162187477704585
2.90625 0.158982642456087 0.158914904850502 0.158905980764177
2.9375 0.15575111654268 0.155681796559858 0.155672870539375
2.96875 0.152568135424163 0.152497204965276 0.152488274969794
3 0.149433774087963 0.149361205103592 0.149352267846485
3.03125 0.146348056944824 0.146273821468754 0.146264871885585
3.0625 0.143310967655135 0.143235031050874 0.143226061649843
3.09375 0.140322446916414 0.140244766236123 0.140235766325435
3.125 0.137382377762269 0.137302917573148 0.137293872361157
3.15625 0.134490612407548 0.134409336411486 0.134400225976687
3.1875 0.131646966296638 0.13156383741723 0.131554635546333
3.21875 0.128851220400784 0.128766200971002 0.128756873864343
3.25 0.126103123375018 0.126016175453097 0.12600668029757
3.28125 0.123402393582323 0.123313479420462 0.123303762831009
3.3125 0.120748720991892 0.120657803680019 0.120647800011451
3.34375 0.118141768957728 0.118048813262631 0.118038442794239
3.375 0.115581175883208 0.115486149301873 0.115475316297892
3.40625 0.113066556776716 0.112969430821601 0.11295827499272
3.4375 0.110597504702994 0.110498256436136 0.110487090823452
3.46875 0.10817359213439 0.108072205966771 0.108061030504289
3.5 0.105794372205843 0.105690841978115 0.105679656587495
3.53125 0.103459379877086 0.103353711237699 0.103342515797993
3.5625 0.101168253920317 0.101060346102103 0.101049140393291
3.59375 0.0989206139245955 0.0988102658327333 0.0987990494462677
3.625 0.096715819102782 0.0966029778442886 0.0965917500548343
3.65625 0.0945533676704666 0.0944379788887912 0.0944267384823016
3.6875 0.0924327481872197 0.092314756177978 0.0923035012320785
3.71875 0.0903534404866374 0.0902327884467198 0.0902215160601552
3.75 0.0883149165098493 0.0881915469600341 0.0881802529286437
3.78125 0.0863166410477166 0.0861904964661592 0.0861791749034916
3.8125 0.084358072396493 0.0842290960980506 0.0842177389993259
3.84375 0.0824386629313408 0.0823068002255761 0.0822953969742295
3.875 0.0805578596017234 0.0804230592605865 0.0804115960771266
3.90625 0.0787151043523921 0.0785773204169566 0.0785657797502973
3.9375 0.0769098344733543 0.0767690284276046 0.0767573882894374
3.96875 0.0751414828819986 0.0749976262204182 0.0749858594635392
4 0.0734094783402348 0.0732625555549367 0.0732506290967605
4.03125 0.0717132456093368 0.0715632576215651 0.0715511316143451
4.0625 0.0700522055449889 0.0698991736050213 0.0698868005545381
4.09375 0.0684257751347529 0.0682697452136522 0.0682570690483578
4.125 0.0668333674801606 0.0666744151761842 0.0666613702689774
4.15625 0.0652757501529324 0.0651126277074107 0.0650991378523846
4.1875 0.0637507706941576 0.0635838289442589 0.0635700405668144
4.21875 0.0622582052159282 0.062087467353617 0.0620736568207907
4.25 0.0607976166484304 0.0606229941132468 0.0606091615223293
4.28125 0.0593684612551381 0.0591898634670522 0.0591760089083785
4.3125 0.0579701984560818 0.0577875330559198 0.0577736566020726
4.34375 0.0566022910170348 0.0564154642253007 0.0564015659110226
4.375 0.0552642051989153 0.0550731223106487 0.0550592021011159
4.40625 0.0539554108693101 0.053759976901789 0.0537460346472857
4.4375 0.0526753815781556 0.0524755020872412 0.0524615374626203
4.46875 0.051423594599484 0.0512191766794827 0.05120518910711
4.5 0.050199530940855 0.0499904844220904 0.0499764729772771
4.53125 0.0490020227966722 0.0487889141796665 0.0487748774778405
4.5625 0.0478320046823518 0.0476139601114087 0.0475998961765324
4.59375 0.0466881702069282 0.0464651218291522 0.0464510279431084
4.625 0.0455700102870076 0.045341904540676 0.0453277770735409
4.65625 0.0444770173826117 0.0442438191790289 0.0442296534003307
4.6875 0.0434086850455345 0.0431703825186007 0.0431561723898268
4.71875 0.0423654640563931 0.0421211172786316 0.0421068552273861
4.75 0.0413457335558453 0.041095552214823 0.0410812288911694
4.78125 0.0403493666198629 0.0400932221996839 0.0400788262153174
4.8125 0.0393759203367685 0.0391136682922188 0.0390991859432153
4.84375 0.0384249457561447 0.0381564377975377 0.0381418527715141
4.875 0.0374959998606186 0.0372210843169423 0.0372063773855345
4.90625 0.036588645415791 0.0363071677890166 0.0362923164866538
4.9375 0.0357024507808569 0.0354142545222305 0.0353992328122302
4.96875 0.0348369896818961 0.0345419172195369 0.0345266951485978
5 0.0339918409499211 0.0336897349954273 0.0336742783376308
5.03125 0.033166588225569 0.0328572933858831 0.0328415632773429
5.0625 0.0323608196321968 0.0320441843516466 0.0320281369169698
5.09375 0.0315741274191544 0.031250006275212 0.0312335922469472
5.125 0.0308061075767996 0.0304743639519195 0.0304575282841781
5.15625 0.0300563594248228 0.0297168685755193 0.0296998446028476
5.1875 0.0293247257094393 0.0289771377185526 0.028960075349757
5.21875 0.0286108167159333 0.0282547953078844 0.0282376948182724
5.25 0.0279141406278591 0.0275494715957023 0.0275323332542334
5.28125 0.0272343399797068 0.0268608031262858 0.0268436271931146
5.3125 0.0265710636327387 0.0261884326988331 0.0261712194209001
5.34375 0.0259239666681094 0.0255320093266181 0.0255147589308884
5.375 0.0252927102561254 0.0248911881927412 0.0248739008767953
5.40625 0.024676961502858 0.0242656306027193 0.024248306522497
5.4375 0.0240763932752743 0.0236550039341539 0.023637643188714
5.46875 0.0234906840061649 0.0230589815837004 0.0230415841969446
5.5 0.0229195174799634 0.0224772429115524 0.0224598088109269
5.53125 0.0223625826005708 0.0219094731836453 0.0218920021758819
5.5625 0.0218195731423146 0.0213553635117705 0.0213378552557942
5.59375 0.0212901874850029 0.020814610791785 0.0207970647689426
5.625 0.0207741283342639 0.0202869176400885 0.0202693331219216
5.65625 0.0202711024280726 0.0197719923285352 0.0197543683423204
5.6875 0.0197808202305332 0.0192695487179349 0.0192518840102808
5.71875 0.0193032736522242 0.0187793061902934 0.0187615991890808
5.75 0.0188379854040088 0.0183009895799306 0.0182832383549247
5.78125 0.01838469428014 0.0178343291036124 0.0178165313260845
5.8125 0.017943145244603 0.0173790602898197 0.0173612131915327
5.84375 0.017513088690196 0.0169349239072745 0.0169170242392019
5.875 0.0170942803236678 0.0165016658928374 0.0164837098839893
5.90625 0.0166864810377101 0.0160790372788796 0.0160610205956218
5.9375 0.0162894567704585 0.0156667941202333 0.0156487118264786
5.96875 0.0159029783533184 0.015264697420813 0.0152465439394853
6 0.0155268213479203 0.0148725130599982 0.0148542821361452
6.03125 0.0151607658728004 0.0144900117188604 0.0144716963848063
6.0625 0.0148045964206716 0.0141169688063161 0.0140985613492338
6.09375 0.0144581016669302 0.0137531643852771 0.0137346563175618
6.125 0.0141210742700929 0.0133983830988702 0.0133797651316747
6.15625 0.0137933106648514 0.0130524140967919 0.0130336761170873
6.1875 0.0134746108484218 0.0127150509618585 0.0126961820133815
6.21875 0.0131647781607414 0.0123860916368103 0.0123670799052251
6.25 0.0128636894338135 0.0120653383514232 0.0120461711540365
6.28125 0.0125712719621395 0.0117525975499784 0.0117332613303276
6.3125 0.0122872197288588 0.0114476798191373 0.0114281601467532
6.34375 0.01201136244241 0.0111503998162646 0.0111306813919059
6.375 0.0117435342017654 0.0108605761982414 0.0108406428648806
6.40625 0.0114835734124311 0.0105780315508047 0.0105578663106296
6.4375 0.0112313226951721 0.0103025923184494 0.0102821773561344
6.46875 0.0109866287879977 0.0100340887349247 0.010013424583523
6.5 0.0107493424416461 0.00977235475435422 0.00975161246325043
6.53125 0.0105193183092679 0.00951722798300828 0.00949640844743612
6.5625 0.0102964148305031 0.00926854961175204 0.00924765370761702
6.59375 0.0100804941105458 0.00902616434919386 0.00900519293404967
6.625 0.00987174947639538 0.00878992035555382 0.00876887427002574
6.65625 0.0096693997051146 0.00855966917727177 0.00853854924709915
6.6875 0.00947363666333861 0.00833526568237183 0.0083140727212598
6.71875 0.00928433487245723 0.00811656799659887 0.00809530281006258
6.75 0.00910137168361023 0.00790343744034043 0.00788210083072117
6.78125 0.00892462711710369 0.0076957384663464 0.00767433123918599
6.8125 0.00875404630845843 0.00749333859825698 0.00747186157020471
6.84375 0.00858961769869783 0.00729610836994814 0.00727456237838296
6.875 0.00843112065497314 0.0071039212657025 0.00708230718023109
6.90625 0.00827845634619257 0.00691665366121222 0.00689497239722353
6.9375 0.00813152945254789 0.00673418476541937 0.00671243729985259
6.96875 0.0079902481102345 0.00655639656319805 0.00653458395268121
7 0.00785452385161946 0.00638317375888161 0.00636129716039631
7.03125 0.00772427154122496 0.00621440372063707 0.00619246441485605
7.0625 0.00759940930760647 0.0060499764256882 0.00602797584312395
7.09375 0.00747985847156558 0.00588978440638769 0.00586772415648821
7.125 0.00736554347075604 0.00573372269713787 0.00571160460045862
7.15625 0.00725639178098911 0.00558168878215902 0.00555951490573028
7.1875 0.00715233383429553 0.0054335825441032 0.0054113552401083
7.21875 0.00705330293405517 0.00528930621351106 0.00526702816137658
7.25 0.00695923516742219 0.00514876431910848 0.00512643857112077
7.28125 0.0068700693149264 0.00501186363893903 0.00498949366946532
7.3125 0.00678574675769615 0.00487851315232808 0.00485610291073443
7.34375 0.00670621138238887 0.00474862399267345 0.0047261779600199
7.375 0.00663140948389557 0.00462210940105737 0.00459963265063871
7.40625 0.00656128966591928 0.00449888468067379 0.0044763829424756
7.4375 0.00649583087718532 0.0043788671520648 0.00435634688118083
7.46875 0.0064351360710564 0.00426197610915957 0.00423944455823914
7.5 0.00637903102762024 0.00414813277610875 0.00412559807186239
7.53125 0.00632748214347367 0.00403726026490699 0.00401473148871336
7.5625 0.00628045887448997 0.00392928353379597 0.00390677080644403
7.59375 0.00623793371778026 0.00382412934643998 0.0038016439170234
7.625 0.00619988219130179 0.00372172623186604 0.00369928057085267
7.65625 0.00616628281046309 0.00362200444515987 0.0035996123416491
7.6875 0.00613711706302743 0.00352489592890947 0.00350257259207225
7.71875 0.00611236938114206 0.00343033427538719 0.00340809644010594
7.75 0.00609202711177575 0.00333825468946158 0.00331612072614477
7.78125 0.00607608048470274 0.00324859395222982 0.00322658398080675
7.8125 0.00606452257890156 0.00316129038536144 0.00313942639342006
7.84375 0.00605734928692721 0.00307628381614413 0.00305458978121135
7.875 0.00605455927775645 0.00299351554322203 0.00297201755914504
7.90625 0.00605615395810309 0.00291292830301711 0.00289165471041453
7.9375 0.00606213743181511 0.00283446623682397 0.00281344775757073
7.96875 0.00607251645833877 0.00275807485856841 0.00273734473427665
