-5 1
-4 1
-3 1
-2 1
-1 1
0 1
1 1
2 1
3 1
4 1
5 1


-5 1 0 0
-4.66666666666667 1 0 0.333333333333333
-4.33333333333333 1 0 0.666666666666666
-4 1 0 0.999999999999999
-3.66666666666667 1 0 1.33333333333333
-3.33333333333333 1 0 1.66666666666667
-3 1 0 2
-2.66666666666667 1 0 2.33333333333333
-2.33333333333333 1 0 2.66666666666667
-2 1 0 3
-1.66666666666667 1 0 3.33333333333333
-1.33333333333333 1 0 3.66666666666667
-1 1 0 4
-0.666666666666667 1 0 4.33333333333333
-0.333333333333334 1 0 4.66666666666667
-3.33066907387547E-16 1 0 5
0.333333333333333 1 0 5.33333333333333
0.666666666666666 1 0 5.66666666666667
1 1 0 6
1.33333333333333 1 0 6.33333333333333
1.66666666666667 1 0 6.66666666666667
2 1 0 7
2.33333333333333 1 0 7.33333333333333
2.66666666666667 1 0 7.66666666666667
3 1 0 8
3.33333333333333 1 0 8.33333333333333
3.66666666666667 1 0 8.66666666666667
4 1 0 9
4.33333333333333 1 0 9.33333333333333
4.66666666666667 1 0 9.66666666666667
5 1 0 10


-5 -5
-4 -4
-3 -3
-2 -2
-1 -1
0 0
1 1
2 2
3 3
4 4
5 5


-5 -5 1 0
-4.66666666666667 -4.66666666666667 1 -1.61111111111111
-4.33333333333333 -4.33333333333333 1 -3.11111111111111
-4 -4 1 -4.5
-3.66666666666667 -3.66666666666667 1 -5.77777777777778
-3.33333333333333 -3.33333333333333 1 -6.94444444444444
-3 -3 1 -8
-2.66666666666667 -2.66666666666667 1 -8.94444444444444
-2.33333333333333 -2.33333333333333 1 -9.77777777777778
-2 -2 1 -10.5
-1.66666666666667 -1.66666666666667 1 -11.1111111111111
-1.33333333333333 -1.33333333333333 1 -11.6111111111111
-1 -1 1 -12
-0.666666666666667 -0.666666666666667 1 -12.2777777777778
-0.333333333333334 -0.333333333333334 1 -12.4444444444444
-3.33066907387547E-16 -3.33066907387547E-16 1 -12.5
0.333333333333333 0.333333333333333 1 -12.4444444444444
0.666666666666666 0.666666666666666 1 -12.2777777777778
1 1 1 -12
1.33333333333333 1.33333333333333 1 -11.6111111111111
1.66666666666667 1.66666666666667 1 -11.1111111111111
2 2 1 -10.5
2.33333333333333 2.33333333333333 1 -9.77777777777778
2.66666666666667 2.66666666666667 1 -8.94444444444445
3 3 1 -8
3.33333333333333 3.33333333333333 1 -6.94444444444445
3.66666666666667 3.66666666666667 1 -5.77777777777778
4 4 1 -4.5
4.33333333333333 4.33333333333333 1 -3.11111111111111
4.66666666666667 4.66666666666667 1 -1.61111111111111
5 5 1 -4.44089209850063E-15


-5 25
-4 16
-3 9
-2 4
-1 1
0 0
1 1
2 4
3 9
4 16
5 25


-5 25 -10 0
-4.66666666666667 21.7777777777778 -9.33333333333333 7.79012345679012
-4.33333333333333 18.7777777777778 -8.66666666666667 14.5432098765432
-4 16 -8 20.3333333333333
-3.66666666666667 13.4444444444444 -7.33333333333333 25.2345679012346
-3.33333333333333 11.1111111111111 -6.66666666666667 29.320987654321
-3 9 -6 32.6666666666667
-2.66666666666667 7.11111111111111 -5.33333333333333 35.3456790123457
-2.33333333333333 5.44444444444445 -4.66666666666667 37.4320987654321
-2 4 -4 39
-1.66666666666667 2.77777777777778 -3.33333333333333 40.1234567901235
-1.33333333333333 1.77777777777778 -2.66666666666667 40.8765432098765
-1 1 -2 41.3333333333333
-0.666666666666667 0.444444444444445 -1.33333333333333 41.5679012345679
-0.333333333333334 0.111111111111111 -0.666666666666667 41.6543209876543
-3.33066907387547E-16 0 -6.66133814775094E-16 41.6666666666667
0.333333333333333 0.111111111111111 0.666666666666666 41.679012345679
0.666666666666666 0.444444444444444 1.33333333333333 41.7654320987654
1 0.999999999999999 2 42
1.33333333333333 1.77777777777778 2.66666666666667 42.4567901234568
1.66666666666667 2.77777777777778 3.33333333333333 43.2098765432099
2 4 4 44.3333333333333
2.33333333333333 5.44444444444444 4.66666666666667 45.9012345679012
2.66666666666667 7.11111111111111 5.33333333333333 47.9876543209877
3 9 6 50.6666666666667
3.33333333333333 11.1111111111111 6.66666666666667 54.0123456790124
3.66666666666667 13.4444444444444 7.33333333333333 58.0987654320988
4 16 8 63
4.33333333333333 18.7777777777778 8.66666666666667 68.7901234567901
4.66666666666667 21.7777777777778 9.33333333333333 75.5432098765432
5 25 10 83.3333333333333


