-1 0.35322690848236
-0.916666666666667 0.330139867514641
-0.833333333333333 0.219122242647539
-0.75 0.0214250608884753
-0.666666666666667 -0.237264517705948
-0.583333333333333 -0.508325606174341
-0.5 -0.729313201374526
-0.416666666666667 -0.839197545931424
-0.333333333333333 -0.795804378724626
-0.25 -0.590114506900605
-0.166666666666667 -0.252421459577818
-0.0833333333333334 0.152457716274471
0 0.54030230586814
0.0833333333333333 0.828855288085926
0.166666666666667 0.959127322096085
0.25 0.910208985677219
0.333333333333333 0.703242819526761
0.416666666666667 0.393736301667416
0.5 0.0550901880510869
0.583333333333333 -0.241234227451476
0.666666666666667 -0.442900572355979
0.75 -0.526651620202716
0.833333333333333 -0.499194824057545
0.916666666666667 -0.390161748578994
1 -0.240462049968584


-1 0.385705261829658 -0.727532592191211 -0.274122588067915
-0.99 0.378170572188423 -0.779718686603722 -0.274204698512712
-0.98 0.37010458052967 -0.833796756593267 -0.274619959231169
-0.97 0.361488269537071 -0.889784752320407 -0.275392482628319
-0.96 0.352302491030433 -0.947690717616191 -0.276547529880755
-0.95 0.342528070431887 -1.00751170570086 -0.278111516508355
-0.94 0.332145922173388 -1.06923267649172 -0.28011201189762
-0.93 0.321137176189446 -1.13282538368789 -0.282577732182093
-0.92 0.309483315552638 -1.19824726072153 -0.285538525879903
-0.91 0.297166325214056 -1.2654403155525 -0.289025351687997
-0.9 0.284168851706791 -1.33433004514311 -0.293070247837528
-0.89 0.270474373558035 -1.40482438126859 -0.297706292425594
-0.88 0.256067382034946 -1.4768126800834 -0.302967554155542
-0.87 0.240933571721695 -1.55016476855868 -0.308889032941769
-0.86 0.225060040290816 -1.62473006151699 -0.315506589865751
-0.85 0.208435496692093 -1.70033676350224 -0.322856866008203
-0.84 0.191050476837705 -1.77679117011961 -0.330977189728141
-0.83 0.17289756571463 -1.85387708374765 -0.339905472013382
-0.82 0.153971624705448 -1.93135535864791 -0.349680089588779
-0.81 0.134270022748555 -2.00896359046256 -0.360339755538385
-0.8 0.113792869819725 -2.08641596488424 -0.371923377275709
-0.79 0.0925432510709143 -2.16340327989362 -0.384469901782116
-0.78 0.0705274598210054 -2.23959315537793 -0.398018148127165
-0.77 0.0477552274587855 -2.31463044316027 -0.412606627385743
-0.76 0.0242399481929553 -2.38813784947735 -0.428273350175039
-0.75 -1.10353058180521E-06 -2.4597167807394 -0.445055622149005
-0.74 -0.02494656522532 -2.52894842198754 -0.46298982790842
-0.73 -0.0505707905419791 -2.59539505583273 -0.482111203910188
-0.72 -0.0768436678637176 -2.65860162782015 -0.50245360108922
-0.71 -0.103730455804275 -2.71809756212043 -0.524049238039151
-0.7 -0.131191638122589 -2.77339882921558 -0.546928445733144
-0.69 -0.159182800572194 -2.82401026483521 -0.57111940490191
-0.68 -0.18765453218352 -2.86942813682593 -0.596647877321547
-0.67 -0.216552353430588 -2.90914295392295 -0.623536932397474
-0.66 -0.245816673659216 -2.94264250756214 -0.651806670561123
-0.65 -0.27538278005068 -2.96941513494957 -0.681473945121683
-0.64 -0.3051808602621 -2.98895318862364 -0.712552084334412
-0.63 -0.335136060722098 -3.00075669473512 -0.745050615558323
-0.62 -0.365168582367515 -3.00433717926726 -0.778974993477698
-0.61 -0.39519381538434 -2.99922163845913 -0.814326334452368
-0.6 -0.425122514264173 -2.98495662681909 -0.851101159139312
-0.59 -0.454861014207514 -2.96111243336205 -0.889291145591425
-0.58 -0.48431148959843 -2.92728731411454 -0.928882895086749
-0.57 -0.513372254943451 -2.88311174654704 -0.969857712971641
-0.56 -0.541938108313247 -2.82825266945372 -1.01219140681305
-0.55 -0.569900716951313 -2.76241766994602 -1.05585410414703
-0.54 -0.597149044322592 -2.6853590776961 -1.10081009208202
-0.53 -0.623569817470197 -2.59687792539502 -1.1470176809651
-0.52 -0.649048033133785 -2.49682773361223 -1.19442909424732
-0.51 -0.673467500662841 -2.38511807788598 -1.2429903865892
-0.5 -0.696711419336546 -2.26171789596567 -1.29264139212998
-0.49 -0.718662987283458 -2.12665849368583 -1.34331570470389
-0.48 -0.739206038783878 -1.98003620899509 -1.39494069162415
-0.47 -0.758225706340258 -1.82201469520006 -1.44743754247089
-0.46 -0.77560910352137 -1.65282678651923 -1.50072135411365
-0.45 -0.791246024229153 -1.47277591157169 -1.55470125297403
-0.44 -0.805029653708082 -1.28223702344195 -1.60928055528995
-0.429999999999999 -0.816857286320344 -1.08165701844793 -1.66435696588247
-0.419999999999999 -0.826631044850729 -0.871554619673285 -1.71982281565016
-0.409999999999999 -0.834258595887113 -0.652519705675603 -1.77556533772772
-0.399999999999999 -0.839653855649955 -0.425212069514948 -1.831466981946
-0.389999999999999 -0.84273768052071 -0.190359598317606 -1.88740576692382
-0.379999999999999 -0.843438536447814 0.0512441310494907 -1.94325566880938
-0.369999999999999 -0.841693141392478 0.298742839022464 -1.9988870453744
-0.359999999999999 -0.837447075016928 0.551221106159504 -2.05416709385027
-0.349999999999999 -0.830655349916569 0.807708498908469 -2.10896034058478
-0.339999999999999 -0.821282938855394 1.06718423956754 -2.1631291602954
-0.329999999999999 -0.80930525268114 1.32858239577953 -2.21653432240113
-0.319999999999999 -0.794708563872392 1.59079755909338 -2.26903556163598
-0.309999999999999 -0.777490371002878 1.85269097648863 -2.32049216988309
-0.299999999999999 -0.757659699796454 2.11309709336276 -2.37076360592525
-0.289999999999999 -0.735237336886969 2.37083046139833 -2.41971011958592
-0.279999999999999 -0.710255992886908 2.62469296002598 -2.46719338653877
-0.269999999999999 -0.682760391903174 2.87348127594606 -2.51307714989521
-0.259999999999999 -0.652807285212967 3.11599458142734 -2.55722786454096
-0.249999999999999 -0.620465387421864 3.3510423489226 -2.59951534008619
-0.239999999999999 -0.585815234064203 3.57745223697651 -2.63981337822093
-0.229999999999999 -0.548948960266185 3.79407798049565 -2.67800040023006
-0.219999999999999 -0.509970000768085 3.99980721723784 -2.71396006042042
-0.209999999999999 -0.468992712286429 4.19356918188491 -2.74758184124794
-0.199999999999999 -0.426141919882803 4.37434219930824 -2.77876162600526
-0.189999999999999 -0.381552389685474 4.54116090962734 -2.80740224503919
-0.179999999999999 -0.335368230975979 4.69312315939775 -2.83341399161335
-0.169999999999999 -0.287742231297718 4.829396495735 -2.85671510371205
-0.159999999999999 -0.238835128860169 4.94922420336478 -2.87723220829719
-0.149999999999999 -0.188814827093694 5.05193082845662 -2.89490072477677
-0.139999999999999 -0.137855556749254 5.13692713760981 -2.90966522472224
-0.129999999999999 -0.0861369914286315 5.2037144654667 -2.921479745177
-0.119999999999999 -0.033843322868195 5.25188841007572 -2.93030805322957
-0.109999999999999 0.0188376973222394 5.28114184124868 -2.93612385987758
-0.0999999999999992 0.0717157424486645 5.2912671936851 -2.9389109815803
-0.0899999999999992 0.124598914785247 5.28215802349403 -2.93866344828442
-0.0799999999999993 0.177294761446462 5.25380981385084 -2.93538555710575
-0.0699999999999993 0.229611294529281 5.20632002279828 -2.92909187125572
-0.0599999999999993 0.281358007942526 5.13988737355163 -2.91980716421104
-0.0499999999999993 0.332346883380849 5.05481039501007 -2.90756630953451
-0.0399999999999993 0.382393378014157 4.9514852274217 -2.89241411715979
-0.0299999999999992 0.431317386648294 4.83040271521413 -2.87440511735053
-0.0199999999999992 0.478944171367147 4.69214481580043 -2.85360329392891
-0.00999999999999925 0.525105251987043 4.53738035962372 -2.83008176873851
7.52869988573934E-16 0.569639251037453 4.36686020273692 -2.80392243965647
0.0100000000000008 0.612392687423178 4.1814118187581 -2.77521557479814
0.0200000000000008 0.65322071341701 3.98193338203498 -2.74405936586007
0.0300000000000008 0.691987790172679 3.7693873982384 -2.71055944382136
0.0400000000000008 0.728568297529309 3.54479394233956 -2.67482836046796
0.0500000000000008 0.762847074493985 3.3092235669699 -2.63698503941567
0.0600000000000008 0.794719887431242 3.06378994648927 -2.59715420048521
0.0700000000000008 0.824093823650131 2.80964232367811 -2.55546576142486
0.0800000000000008 0.8508876087535 2.54795782681365 -2.51205422108168
0.0900000000000007 0.875031846792867 2.27993372499084 -2.46705802819155
0.100000000000001 0.896469182948292 2.00677968891448 -2.42061893999052
0.110000000000001 0.915154389118763 1.7297101230417 -2.3728813748455
0.120000000000001 0.931054373457803 1.44993663292031 -2.32399176306261
0.130000000000001 0.944148115514581 1.16866068888748 -2.2740978999567
0.140000000000001 0.95442652923648 0.887066544007596 -2.22334830515781
0.150000000000001 0.961892256649156 0.606314460290921 -2.17189159199093
0.160000000000001 0.966559395549228 0.327534292902666 -2.11987585059688
0.170000000000001 0.968453165018378 0.0518194773083184 -2.06744804826634
0.180000000000001 0.967609512991708 -0.219778540828043 -2.01475345023887
0.190000000000001 0.964074670484465 -0.486255398599851 -1.9619350639769
0.200000000000001 0.95790465739711 -0.746658402923514 -1.90913310966401
0.210000000000001 0.949164745077242 -1.00009058876618 -1.85648451940036
0.220000000000001 0.937928881017008 -1.24571423146413 -1.80412246727925
0.230000000000001 0.924279081205956 -1.48275380194141 -1.75217593223019
0.240000000000001 0.908304795741974 -1.71049835945517 -1.70076929520957
0.250000000000001 0.890102253328165 -1.92830338218045 -1.65002197201189
0.260000000000001 0.869773790252718 -2.13559204143876 -1.60004808266718
0.270000000000001 0.847427169364365 -2.33185593061406 -1.55095615808523
0.280000000000001 0.823174894420642 -2.5166552647322 -1.50284888430849
0.290000000000001 0.797133525003191 -2.68961857125905 -1.45582288444516
0.300000000000001 0.769422996967551 -2.85044189685529 -1.40996853807428
0.310000000000001 0.740165953128351 -2.9988875585786 -1.36536983764903
0.320000000000001 0.709487088579044 -3.13478247131794 -1.3221042811731
0.330000000000001 0.67751251471304 -3.25801608605808 -1.28024280019172
0.340000000000001 0.644369145655033 -3.36853797589235 -1.2398497219239
0.350000000000001 0.610184110432701 -3.46635510851856 -1.20098276416732
0.360000000000001 0.575084193824565 -3.55152884526868 -1.1636930614333
0.370000000000001 0.539195308414809 -3.62417170754031 -1.12802522061716
0.380000000000001 0.502641999975123 -3.68444395183128 -1.09401740437898
0.390000000000001 0.465546987881891 -3.73254999444391 -1.06170144030212
0.400000000000001 0.428030741868947 -3.76873472634526 -1.03110295381168
0.410000000000001 0.390211096015887 -3.79327975767272 -1.00224152277165
0.420000000000001 0.35220290048366 -3.8064996299893 -0.975130851638143
0.430000000000001 0.314117711136504 -3.80873803265763 -0.949778963025109
0.440000000000001 0.276063516835635 -3.80036405765124 -0.926188404538471
0.450000000000001 0.238144503858288 -3.78176852479703 -0.904356468752567
0.460000000000001 0.200460856588407 -3.75336040688485 -0.8842754242388
0.470000000000001 0.16310859334453 -3.71556338133101 -0.865932755608579
0.480000000000001 0.126179435957899 -3.66881253218448 -0.849311410599749
0.490000000000001 0.0897607114909301 -3.61355122325979 -0.834390052316209
0.500000000000001 0.0539352842936217 -3.55022816011031 -0.821143314822647
0.510000000000001 0.0187815164338322 -3.47929465545947 -0.809542060398723
0.520000000000001 -0.0156267455933739 -3.40120210962336 -0.799553636867884
0.530000000000001 -0.0492201600722184 -3.31639971442256 -0.79114213353371
0.540000000000001 -0.0819338574535613 -3.22533238612556 -0.784268634379616
0.550000000000001 -0.113707388229245 -3.12843893012307 -0.778891467314285
0.560000000000001 -0.144484653612894 -3.02615043732723 -0.774966448373878
0.570000000000001 -0.174213821333725 -2.91888890974692 -0.772447119921361
0.580000000000001 -0.202847228812472 -2.80706611033079 -0.771284982011912
0.590000000000001 -0.23034127592847 -2.6910826300094 -0.771429716219921
0.600000000000001 -0.256656309506347 -2.57132716292098 -0.772829401346534
0.610000000000001 -0.2817565015518 -2.44817597908215 -0.775430720545856
0.620000000000001 -0.305609723150902 -2.32199258227127 -0.779179159521906
0.630000000000001 -0.328187415818547 -2.19312753963254 -0.784019195556395
0.640000000000001 -0.34946446194142 -2.06191846848269 -0.789894477228614
0.650000000000001 -0.369419055811506 -1.92869016500789 -0.796747994782668
0.660000000000001 -0.38803257659004 -1.79375485897009 -0.804522241183435
0.670000000000001 -0.405289464381023 -1.65741257819298 -0.813159363980653
0.680000000000001 -0.421177100430294 -1.51995160645719 -0.822601308170204
0.690000000000001 -0.435685692302561 -1.38164901849201 -0.832789950302866
0.700000000000001 -0.448808164726715 -1.24277127599283 -0.843667224143453
0.710000000000001 -0.460540056640996 -1.1035748690051 -0.855175238227561
0.720000000000001 -0.470879424815668 -0.964306987582393 -0.867256385699075
0.730000000000001 -0.479826754283361 -0.825206209330287 -0.87985344683958
0.740000000000001 -0.487384875667414 -0.686503189274176 -0.89290968472107
0.750000000000001 -0.493558889367459 -0.548421339419052 -0.906368934426263
0.760000000000001 -0.498356096440227 -0.411177486386883 -0.920175686286856
0.770000000000001 -0.501785935902793 -0.274982496604825 -0.934275163589692
0.780000000000001 -0.503859928085856 -0.140041859658656 -0.948613395194489
0.790000000000001 -0.504591623576691 -0.00655622160456748 -0.963137283495166
0.800000000000001 -0.503996557215312 0.125278138766727 -0.977794668140368
0.810000000000001 -0.50209220654338 0.255268896511301 -0.992534385908155
0.820000000000001 -0.498897954053427 0.383227334554194 -1.00730632710557
0.830000000000001 -0.494435052545946 0.508968068564511 -1.02206148883645
0.840000000000001 -0.48872659287359 0.632308844942391 -1.03675202545122
0.850000000000001 -0.481797473334707 0.753070413064449 -1.05133129646044
0.860000000000001 -0.473674369972354 0.871076471872097 -1.06575391216124
0.870000000000001 -0.464385707039137 0.986153689883065 -1.07997577719151
0.880000000000001 -0.4539616269022 1.09813179676753 -1.09395413219269
0.890000000000001 -0.442433958685643 1.20684374376229 -1.10764759372781
0.900000000000001 -0.429836184978955 1.31212592940397 -1.12101619256791
0.910000000000001 -0.416203405978897 1.41381848634908 -1.13402141042703
0.920000000000001 -0.401572300477748 1.51176562441727 -1.14662621519499
0.930000000000001 -0.385981083162372 1.60581602444586 -1.15879509468708
0.940000000000001 -0.369469457744975 1.69582327707959 -1.17049408890184
0.950000000000001 -0.352078565507234 1.78164636023893 -1.18169082075272
0.960000000000001 -0.33385092890355 1.86315014871264 -1.19235452521537
0.970000000000001 -0.314830389935906 1.94020594910344 -1.20245607681178
0.980000000000001 -0.29506204308124 2.01269205321775 -1.2119680153339
0.990000000000001 -0.274592162621755 2.08049430292824 -1.22086456969371
