-4.9375 -0.149241072187894
-4.8125 -0.0646783661983849
-4.6875 -0.0531804275712649
-4.5625 -0.055312109693829
-4.4375 -0.0676518896486447
-4.3125 -0.0972965266203896
-4.1875 -0.17696582055125
-4.0625 -0.610428597287992
-3.9375 0.736877793927728
-3.8125 0.311264637329727
-3.6875 0.249283254240304
-3.5625 0.252361500478095
-3.4375 0.300205260315861
-3.3125 0.41959127105043
-3.1875 0.741044373558361
-3.0625 2.47986617648247
-2.9375 -2.90145631359043
-2.8125 -1.18669642981959
-2.6875 -0.919232000011121
-2.5625 -0.899037845453213
-2.4375 -1.03195558233577
-2.3125 -1.38989608535455
-2.1875 -2.36207894071727
-2.0625 -7.59459016547751
-1.9375 8.52302792117186
-1.8125 3.33758370886758
-1.6875 2.47043600002989
-1.5625 2.30378447897386
-1.4375 2.51539173194344
-1.3125 3.2141346973824
-1.1875 5.16704768281904
-1.0625 15.6638422162974
-0.9375 -16.5133665972705
-0.8125 -6.0493704723225
-0.6875 -4.16886075005044
-0.5625 -3.59966324839666
-0.4375 -3.6158756146687
-0.3125 -4.21855179031439
-0.1875 -6.1358691233476
-0.0625 -16.642832354816
0.0625 15.4812809180362
0.1875 4.91511342531079
0.3125 2.86609171749436
0.4375 2.02481054337032
0.5625 1.58194555496902
0.6875 1.31829741231897
0.8125 1.15047544109433
0.9375 1.04017700424284
1.0625 0.967580057377265
1.1875 0.921583767245773
1.3125 0.895653661716989
1.4375 0.885854612724515
1.5625 0.889844374670072
1.6875 0.906329470969289
1.8125 0.934761295889145
1.9375 0.975165941477659
2.0625 1.02805381096334
2.1875 1.09438072360436
2.3125 1.17554543100355
2.4375 1.27341600579149
2.5625 1.39038183542199
2.6875 1.52943098226067
2.8125 1.69425484879907
2.9375 1.88938401161296
3.0625 2.1203609851119
3.1875 2.39395783288453
3.3125 2.7184488091957
3.4375 3.10395151411676
3.5625 3.56285345326884
3.6875 4.11034576482556
3.8125 4.7650917622474
3.9375 5.55006553411308
4.0625 6.49360551690518
4.1875 7.63074059231943
4.3125 9.00486168046077
4.4375 10.6698333297764
4.5625 12.6926654272703
4.6875 15.1569000077943
4.8125 18.1669123435682
4.9375 21.8533830405703
