-4.9375 -0.149241072187894 0.00717250724500875
-4.8125 -0.0646783661983849 0.00812751548929225
-4.6875 -0.0531804275712649 0.00920968160396815
-4.5625 -0.055312109693829 0.0104359364627746
-4.4375 -0.0676518896486447 0.0118254652590966
-4.3125 -0.0972965266203896 0.0134000076651407
-4.1875 -0.17696582055125 0.0151841979568378
-4.0625 -0.610428597287992 0.0172059504258514
-3.9375 0.736877793927728 0.0194968961085981
-3.8125 0.311264637329727 0.0220928776650624
-3.6875 0.249283254240304 0.0250345101499602
-3.5625 0.252361500478095 0.028367816449713
-3.4375 0.300205260315861 0.032144947326876
-3.3125 0.41959127105043 0.0364249973373641
-3.1875 0.741044373558361 0.0412749293857977
-3.0625 2.47986617648247 0.0467706223839592
-2.9375 -2.90145631359043 0.0529980584033558
-2.8125 -1.18669642981959 0.0600546678953081
-2.6875 -0.919232000011121 0.06805085402501
-2.5625 -0.899037845453213 0.0771117199683169
-2.4375 -1.03195558233577 0.0873790261954208
-2.3125 -1.38989608535455 0.099013408363826
-2.1875 -2.36207894071727 0.112196890520344
-2.0625 -7.59459016547751 0.127135732932035
-1.9375 8.52302792117186 0.144063659101453
-1.8125 3.33758370886758 0.163245512453958
-1.6875 2.47043600002989 0.184981399907304
-1.5625 2.30378447897386 0.209611387151098
-1.4375 2.51539173194344 0.237520819095458
-1.3125 3.2141346973824 0.269146348729184
-1.1875 5.16704768281904 0.30498276871106
-1.0625 15.6638422162974 0.345590752576975
-0.9375 -16.5133665972705 0.391605626676799
-0.8125 -6.0493704723225 0.44374731008108
-0.6875 -4.16886075005044 0.502831577970941
-0.5625 -3.59966324839666 0.569782824730923
-0.4375 -3.6158756146687 0.645648526427892
-0.3125 -4.21855179031439 0.731615628946642
-0.1875 -6.1358691233476 0.8290291181804
-0.0625 -16.642832354816 0.939413062813476
0.0625 15.4812809180362 1.06449445891786
0.1875 4.91511342531079 1.20623024942098
0.3125 2.86609171749436 1.3668379411738
0.4375 2.02481054337032 1.54883029863413
0.5625 1.58194555496902 1.7550546569603
0.6875 1.31829741231897 1.98873746958229
0.8125 1.15047544109433 2.25353478721321
0.9375 1.04017700424284 2.55358945806293
1.0625 0.967580057377265 2.89359594417176
1.1875 0.921583767245773 3.27887376793867
1.3125 0.895653661716989 3.71545073794111
1.4375 0.885854612724515 4.21015725614396
1.5625 0.889844374670072 4.77073318196759
1.6875 0.906329470969289 5.40594892514117
1.8125 0.934761295889145 6.12574266188199
1.9375 0.975165941477659 6.94137582119703
2.0625 1.02805381096334 7.8656092739449
2.1875 1.09438072360436 8.91290298119872
2.3125 1.17554543100355 10.0996422254801
2.4375 1.27341600579149 11.4443939643311
2.5625 1.39038183542199 12.9681973169691
2.6875 1.52943098226067 14.694892728789
2.8125 1.69425484879907 16.6514949636101
2.9375 1.88938401161296 18.8686157592649
3.0625 2.1203609851119 21.3809427591233
3.1875 2.39395783288453 24.2277822126109
3.3125 2.7184488091957 27.4536739354602
3.4375 3.10395151411676 31.1090881509677
3.5625 3.56285345326884 35.2512151145886
3.6875 4.11034576482556 39.9448598758218
3.8125 4.7650917622474 45.2634561762588
3.9375 5.55006553411308 51.2902153465855
4.0625 6.49360551690518 58.119428177448
4.1875 7.63074059231943 65.8579401324042
4.3125 9.00486168046077 74.6268229832014
4.4375 10.6698333297764 84.563269020706
4.5625 12.6926654272703 95.8227374770863
4.6875 15.1569000077943 108.581386740789
4.8125 18.1669123435682 123.038830417176
4.9375 21.8533830405703 139.421260354374
