-1 -0.841470984807897
-0.75 -0.681638760023334
-0.5 -0.479425538604203
-0.25 -0.247403959254523
0 0
0.25 0.247403959254523
0.5 0.479425538604203
0.75 0.681638760023334
1 0.841470984807897
---------
-1 -0.909297426825682
-0.75 -0.997494986604054
-0.5 -0.841470984807897
-0.25 -0.479425538604203
0 0
0.25 0.479425538604203
0.5 0.841470984807897
0.75 0.997494986604054
1 0.909297426825682
---------
-1 -0.141120008059867
-0.75 -0.778073196887921
-0.5 -0.997494986604054
-0.25 -0.681638760023334
0 0
0.25 0.681638760023334
0.5 0.997494986604054
0.75 0.778073196887921
1 0.141120008059867
