1000 0.139106175174788 0.0102322044966523
1100 0.137307463039398 0.0641861913400183
1200 0.119901916701977 0.0205217105003363
1300 0.124098462476032 0.0415719953430022
1400 0.116602950464443 0.0137967535463788
1500 0.111555700051062 0.0378277643511334
1600 0.110239292719793 0.0174443992310382
1700 0.108304037983154 0.0416358273712854
1800 0.104331879887107 0.0148934576363745
1900 0.100992503663814 0.0301741872650781
2000 0.0970242615722527 0.0185753895677362
2100 0.0966186687623174 0.0235039122328979
2200 0.0932330769163008 0.014795703983026
2300 0.0894533209723505 0.0254778340343823
2400 0.0883186224748001 0.010858785732023
2500 0.08611087711841 0.0220640288990707
2600 0.0851228893963219 0.0116249169340008
2700 0.0830514383219736 0.0163587840731969
2800 0.0831437508582001 0.0131396677963048
2900 0.0815364363595375 0.0176761159825569
3000 0.0823523917871083 0.0136465151883758
3100 0.0806008270264237 0.0119665569064316
3200 0.0761053744315392 0.0143356494360591
3300 0.0752274210471391 0.00894963819123235
3400 0.0756790029204675 0.0136592373106563
3500 0.0711214033147505 0.0110159790904813
3600 0.0714460937328804 0.0137618838473349
3700 0.0702257307919841 0.00481716698258133
3800 0.0734439799177748 0.0157605970740213
3900 0.0694589249059928 0.00329898603878066
4000 0.0707850027388889 0.0145715993622013
4100 0.0682760923723194 0.00536409360297423
4200 0.0684399723345131 0.0154496197959751
4300 0.0663156330969356 0.00354657524728506
4400 0.0678223111644635 0.0126040894170178
4500 0.0652731994472404 0.000506872551736237
4600 0.0647217623678554 0.014389855538436
4700 0.0638364211646283 0.00235757038236648
4800 0.0632381469257867 0.0134862562185884
4900 0.0616021283940873 0.00296946812780765
5000 0.0631581358117132 0.0127384398231406
5100 0.0604547285080823 0.00168250051225775
5200 0.0617611065917929 0.0122442448598154
5300 0.0606729279704746 0.00151341129202259
5400 0.0603351088565982 0.0119304144624744
5500 0.0592888462473799 0.00109032050200482
5600 0.058078359674711 0.0109067506806935
5700 0.057661081608001 0.00229855395157135
5800 0.0573707889781355 0.0114737457889099
5900 0.0573490257877248 0.000483169971523026
6000 0.0568132728607535 0.0105991294720646
6100 0.0561736936973327 0.000943242267595157
6200 0.0562152535440711 0.0101137881956096
6300 0.0549819737798871 0.00174922516712627
6400 0.0564238032963631 0.0109211200290085
6500 0.0548684995663088 0.000232978990250244
6600 0.0542177508763446 0.0121026830620186
6700 0.0539225131157111 0.00120930670937689
6800 0.052806904251681 0.0118989591593049
6900 0.0521629247310335 0.000591881602986269
7000 0.0519152317773278 0.0104333078801119
7100 0.0517175614758896 0.00024809338699022
7200 0.0510086685430594 0.0108810167254024
7300 0.0509567140765445 4.19603617028601E-06
7400 0.051258639176299 0.0101524091246213
7500 0.0514367686355551 0.000286313958096563
7600 0.0495140401157107 0.00861924038565097
7700 0.0503017391426709 0.00276466400946532
7800 0.0496096018036233 0.00901929338334513
7900 0.0500743684005045 0.00264760253059928
8000 0.0496824653746861 0.00825036576787661
8100 0.0481726891336585 0.0026252005292773
8200 0.0492871208720521 0.00733975546086624
8300 0.0483618957423453 0.00342083259260927
8400 0.0486928846339357 0.00838233965965654
8500 0.0474313289997904 0.00333736904073162
8600 0.0468827392919835 0.00763052851266238
8700 0.0473893339921641 0.00303389834058256
8800 0.0477918718487042 0.0068852412741895
8900 0.046403803058186 0.00440793828656083
9000 0.0461050770790234 0.00581514075464167
9100 0.0463306020140414 0.00433051387943864
9200 0.0454214932438101 0.00571025360780027
9300 0.0459166018513099 0.0030701485761954
9400 0.0446341875729257 0.00432103410593128
9500 0.0455670137812487 0.00449377412073558
9600 0.0455890874002022 0.00381758510998836
9700 0.0447447724538319 0.0048134203235145
9800 0.0441189796648035 0.00423977594987278
9900 0.0447085440208399 0.00328846428330935
10000 0.0444119178626567 0.00240231880911575
10100 0.0439906971565928 0.00513527904166326
10200 0.043420704154839 0.00247921010868371
10300 0.0434883198146416 0.00481473579009301
10400 0.0433682653388149 0.00230939980365723
10500 0.042458688677348 0.00460150933146476
10600 0.0427950287359668 0.00092835223425052
10700 0.0422093831932845 0.00522194643046572
10800 0.04210765188839 0.000416413901970212
10900 0.0418805417586044 0.00551365319124715
11000 0.0410837037910469 8.49175997222459E-05
11100 0.0419794058162991 0.00504435587001158
11200 0.041576140955093 0.000403080889653703
11300 0.0411779533910384 0.00594738195079198
11400 0.0410333688070003 0.000244295548234789
11500 0.0417717863089645 0.00626594368909814
11600 0.0405554278890354 0.000607373298810882
11700 0.040686876978575 0.00534967027799626
11800 0.0404910567178631 0.000921879690729873
11900 0.0405269979373451 0.00516123897548017
12000 0.0400236327167518 0.00010053528860058
12100 0.0396084609775071 0.00515369046056958
12200 0.0399075755005212 0.000702287582306079
12300 0.0394563025747629 0.00515521754192642
12400 0.0391107410990611 0.000197886353153275
12500 0.0389891304381923 0.00521819818185245
12600 0.0392802066048514 0.000459952813869493
12700 0.0389590004311432 0.00587986886243832
12800 0.0392872551077209 0.000428941749863191
12900 0.038574705766218 0.00536606085809394
13000 0.0389254035416603 0.000251222339740043
13100 0.0381163619925601 0.00611408423579926
13200 0.0382770627089304 0.000351286545459795
13300 0.0386647147003053 0.00630206550946042
13400 0.0379854297021531 0.000754538858934045
13500 0.0378117940029841 0.00538302514786211
13600 0.0380964650041538 7.75262364189989E-05
13700 0.0377888262478156 0.00629487378771453
13800 0.037445406700204 0.000839647756334759
13900 0.0376938991584959 0.00515036463164258
14000 0.0372725787913331 0.000731603591865518
14100 0.0372790505073638 0.00524444780822485
14200 0.0368476145976323 0.000503251596995091
14300 0.0367130694544979 0.00503921221175662
14400 0.0363590463205984 0.00108054848762748
14500 0.0365438134496169 0.00432882738146296
14600 0.0364652884547197 0.00129941181793217
14700 0.0360984610304152 0.00405956513329647
14800 0.0362777105934241 0.00125847794176472
14900 0.0361063588485314 0.00466219553171494
15000 0.0356960383523163 0.00182650493260899
15100 0.0360326823781537 0.00408960289199157
15200 0.03579507834146 0.00139304394998112
15300 0.0357054408074166 0.00358092594559822
15400 0.0358321783602032 0.00190703021068959
15500 0.0355340043579263 0.0036951097288318
15600 0.0351714503713475 0.00220925551503078
15700 0.0352580735978092 0.00266180566871609
15800 0.03524620398904 0.00217460450194419
15900 0.0347751070595405 0.00287029536072715
16000 0.0345956855882907 0.00171207530510296
16100 0.0348919946608291 0.00329505774279025
16200 0.0342967897090076 0.0021911489341848
16300 0.0341827665936639 0.00280242259981898
16400 0.0343578533127724 0.00253050697674152
16500 0.034583376252005 0.00200439439163007
16600 0.0338748272255842 0.00274606395996076
16700 0.0338125495435221 0.00271533406949137
16800 0.0342466232173283 0.00225234589742685
16900 0.033848222099337 0.00192703463286393
17000 0.0337160288840872 0.00256036353740488
17100 0.033386020135617 0.00112309054098324
17200 0.0338285502069271 0.00314876166419217
17300 0.0336472066477228 0.00139615166699033
17400 0.0332324647673869 0.00341074462498893
17500 0.0332992204879272 0.000394412890111532
17600 0.0329473913986167 0.00382288087320632
17700 0.0328203073228717 0.000219590245071213
17800 0.0328035775736807 0.00351578233102088
17900 0.0332907768525199 0.00059940683905965
18000 0.0327505141715251 0.0035817252296318
18100 0.0325103936240859 0.000588374678301731
18200 0.0324220799099299 0.00359671267882505
18300 0.0323430400025656 0.000755237271088926
18400 0.0322131358812086 0.00366527312660481
18500 0.0323968927854442 0.000227537304198135
18600 0.032276932093724 0.00340688277251667
18700 0.0323996410518883 2.85573229315156E-05
18800 0.0321461055698003 0.00314914570060165
18900 0.0321859575499043 0.000484402810775727
19000 0.0323009309049352 0.00353402482596451
19100 0.0318470769774211 0.000571146900276298
19200 0.0315672658453341 0.00367104220215595
19300 0.0316020786042303 0.000561957875884555
19400 0.0318270915122983 0.00324510336969251
19500 0.0312855879354573 0.000676882053701876
19600 0.0315258929295961 0.00335263535869002
19700 0.0312283920146095 0.00045269764827972
19800 0.0315761509953759 0.00368074904614402
19900 0.0309443179960473 0.000213007033949524
20000 0.0310965141583672 0.00353449839637056
20100 0.031086430155246 0.00028727607090267
20200 0.0307933456386923 0.00375714982937611
20300 0.0310490956229552 0.000165567037991477
20400 0.0309022227298369 0.00336250788196479
20500 0.0304106594348484 0.000203026333676896
20600 0.0304696354771563 0.0033220488408797
20700 0.0305827766821411 6.94709805505142E-05
20800 0.0308884527492622 0.00335613117767886
20900 0.0303115408329715 0.000787133181386727
21000 0.030618147035893 0.00378156579201403
21100 0.030235840915859 0.000447326030913053
21200 0.0300891475597214 0.00351988291152568
21300 0.0302198099134829 0.00068439563976928
21400 0.0299468549711277 0.00297824472208613
21500 0.0302487441568607 0.00104802764041411
21600 0.0296925710097083 0.00318989111857557
21700 0.030061769925265 0.00100151255411118
21800 0.0298290047933364 0.0029206944765914
21900 0.0294842880198446 0.00133132460833667
22000 0.0295615645675879 0.00258180154827033
22100 0.0295655365290956 0.00178431533320159
22200 0.0296015134755893 0.00278208507742155
22300 0.0296082028117331 0.00185164933634627
22400 0.0294357682416695 0.00281951593923477
22500 0.029160746949641 0.00166716356170785
22600 0.0292573064431379 0.001911342865641
22700 0.0291951574346477 0.00177834407246895
22800 0.029308870633535 0.00219751700525512
22900 0.029199658945627 0.00133011767538799
23000 0.0289995556451211 0.00184646300349382
23100 0.0291657648581226 0.00134613358300221
23200 0.0288153798026544 0.00137947990936504
23300 0.0284842458977243 0.00198699543983885
23400 0.0287071022082118 0.00129628321499987
23500 0.028773556695543 0.00193893600991664
23600 0.0282815291112795 0.000962033553416396
23700 0.0283434033502525 0.00167157740421806
23800 0.0285426782446506 0.00053507762636137
23900 0.0284988479035376 0.00233314162515869
24000 0.0283794862563885 0.000333338101823496
24100 0.0283920943465373 0.00257387602954803
24200 0.0283620754819796 0.000222730881545861
24300 0.0283396325975351 0.00203109055684766
24400 0.0282712450771306 9.48518771454604E-05
24500 0.0281754013713462 0.00286953933628915
24600 0.027901746149853 5.59190993133734E-05
24700 0.0278990489038737 0.00252552117834973
24800 0.0280190191139255 1.47349578624266E-05
24900 0.0278091722446736 0.00234681136882314
25000 0.0277791601626153 0.00041578889169608
25100 0.0277498660256241 0.00251270936197863
25200 0.0275007044616378 0.000384612649633009
25300 0.0278939991005834 0.00254624335696712
25400 0.0275860923044962 0.000243633013299099
25500 0.0276380604389983 0.00220845385257158
25600 0.0276086078061541 0.000424304369915242
25700 0.0273771741002314 0.00271543807496261
25800 0.027486410091751 6.50284932484642E-05
25900 0.0271657027108543 0.00305641777442459
26000 0.0272133143807185 0.0004518646815469
26100 0.0273498151719405 0.00258318925868363
26200 0.0271083547022816 0.000157679252523556
26300 0.0272988868958247 0.0025827133064031
26400 0.0271420552895177 8.19811819269631E-05
26500 0.0269167896344426 0.00254063795508937
26600 0.0270387098434782 0.000154196154810112
26700 0.0264952821295943 0.00283077978284996
26800 0.0266608811670017 7.25178570910378E-07
26900 0.0271873602847227 0.00298969537591392
27000 0.0266410094370554 3.58937529974158E-05
27100 0.0269957021559015 0.00298190241133091
27200 0.026749743879591 0.000183547835146323
27300 0.0266594660208579 0.00265933046674128
27400 0.0263429658286886 0.000190044616811349
27500 0.0266902800996627 0.00281615968278561
27600 0.0267708003778082 0.000293697930888056
27700 0.0266034341164254 0.0027890967125067
27800 0.0267064288414617 0.000177871285889472
27900 0.0264899744478698 0.00239877956771439
28000 0.0263245733072794 0.000663808503538511
28100 0.0262652084106165 0.00248364109895363
28200 0.0262338538586008 0.000952351717136628
28300 0.0262604371894601 0.00191258148238267
28400 0.0262562818583714 0.000950738516500387
28500 0.0259762333660861 0.00195519956904547
28600 0.0259325729294536 0.000887406556322274
28700 0.0259005663643201 0.00222326567196739
28800 0.0259785831238386 0.00110236686887035
28900 0.0256664091944267 0.00144150028395963
29000 0.0258133327582625 0.00123639591583038
29100 0.0255170172749775 0.00173886924162813
29200 0.0257011375876531 0.0010845712514846
29300 0.0256752355823641 0.00194483676993686
29400 0.0255777686837252 0.0012206326960077
29500 0.0258832759183792 0.0016913873865954
29600 0.0253866670916842 0.00105925731344194
29700 0.0256904504787117 0.00147200080984146
29800 0.0253481884186664 0.00116290742126061
29900 0.0253248014879477 0.00124639169222138
30000 0.0253888346657559 0.00149610480111454
30100 0.0254998770730888 0.00086696969081591
30200 0.0255181280336699 0.00137173568500098
30300 0.0254624207577114 0.000781042636631941
30400 0.0252121326873025 0.00150672661485984
30500 0.0253952631071503 0.00120519022872408
30600 0.0253267526092778 0.00172511673236237
30700 0.0249489577752756 0.000420947531023282
30800 0.0249456674465361 0.0019136874015316
30900 0.0251802990898391 0.000194208385647364
31000 0.0250600556549743 0.00203623340486404
31100 0.0249345391276393 0.000509387797023596
31200 0.0250094582585636 0.001788013500671
31300 0.0247901116047485 0.00015201148582156
31400 0.0247183230635327 0.00198867372736466
31500 0.024601579323115 0.000453429844004396
31600 0.0248643269310175 0.00205058412255915
31700 0.024830113546965 0.000163133762829844
31800 0.024688885648658 0.00211247959597387
31900 0.02478404619999 0.000345653649454112
32000 0.0243468105848462 0.00212009551454035
32100 0.0245236606405816 0.000542819269662368
32200 0.0243725782948112 0.00200124825772658
32300 0.0244798258871205 0.000223404673084506
32400 0.0244131574465209 0.00190654483860163
32500 0.0244732262537325 0.000447192131461499
32600 0.0244859563011356 0.00205318335402856
32700 0.0244595603105492 0.000457204666154961
32800 0.0240789756529834 0.00204056551662908
32900 0.0241856097105638 1.09782331421998E-05
33000 0.0241382548560662 0.00213496318038264
33100 0.0241639191225014 8.27547747904079E-07
33200 0.0242736537873662 0.00195554575854703
33300 0.0240656542962059 0.00019145022699772
33400 0.0241460645221747 0.0021503687285672
33500 0.0240821231513274 0.000213583728701137
33600 0.0237912584111313 0.00235962642582803
33700 0.0239390787037491 0.000126732456303111
33800 0.023992863082389 0.00215356377177588
33900 0.0236961657397788 0.000151828699353932
34000 0.0238735321943811 0.002241763428171
34100 0.0237815711347163 6.8806869330217E-05
34200 0.0239700171188472 0.00215108577253689
34300 0.0237213896513882 0.000281043108713779
34400 0.0237769424829422 0.00205091610554406
34500 0.0234700863240663 0.000198156081069364
34600 0.0236714247277644 0.00196570138430046
34700 0.0236265067238038 0.000591585403417551
34800 0.0236117868775072 0.00188249026957172
34900 0.0235278200194487 0.000787977419842704
35000 0.0235918828652873 0.00167263578923643
35100 0.0234287425188512 0.000530421878753442
35200 0.0235504362976457 0.00161040613903511
35300 0.0234882658950235 0.00108541367795658
35400 0.0234849228642196 0.0019433336939512
35500 0.0234260536538008 0.000802255394852501
35600 0.023349435344563 0.00184162894446822
35700 0.0233328389380141 0.000968744642898758
35800 0.023301733671881 0.00154838869708141
35900 0.0231756653831287 0.000962940604018567
36000 0.0232109761068613 0.00139063682973462
36100 0.0232502970989062 0.000998533488904409
36200 0.0233001343459777 0.0013692111732367
36300 0.023134656202584 0.000908502180069032
36400 0.023139863701817 0.000824993552033232
36500 0.0230655494915748 0.00123178045148535
36600 0.0230873649868908 0.00103836085115572
36700 0.0231511906510539 0.00115693933595226
36800 0.0228757828968439 0.000895679948972676
36900 0.0230075998557901 0.00112705289300896
37000 0.022963546312347 0.000458433689977738
37100 0.0229122013602209 0.00131096602226586
37200 0.0226600435816765 0.000644462411514052
37300 0.0227684616889389 0.00117452959101134
37400 0.0227216124735861 0.000399888668257216
37500 0.0227040623809357 0.00132046824180057
37600 0.0226215397424797 0.000100554123221571
37700 0.0224699988545008 0.00159056093720571
37800 0.0226507926869948 3.29307562682794E-05
37900 0.0226639228915512 0.00178209220539114
38000 0.0224764642366088 5.65750433312571E-06
38100 0.0224778859989784 0.00145401656431962
38200 0.0225277222791453 0.000131039085650261
38300 0.0224640524751359 0.00187598975640654
38400 0.0224080338719787 0.000333303245741698
38500 0.0225873100617249 0.00176105028602263
38600 0.0224758803520558 0.000248372608185162
38700 0.0222885087091936 0.00149996067253613
38800 0.0222250751680619 0.000308012839023014
38900 0.0223534552082509 0.00178495158528501
39000 0.0221682522569547 0.000225022133200178
39100 0.0223460093239636 0.00164815553190441
39200 0.0222620883231381 5.00672523578535E-05
39300 0.0221438367649945 0.00150743351737899
39400 0.0222102744636637 0.000235145010277208
39500 0.0221937022240653 0.00177342892926569
39600 0.0219813791514959 0.000144887872719337
39700 0.0220212965623697 0.00174536063606735
39800 0.0220457312081576 9.91245474817945E-05
39900 0.0220167216160519 0.0016393880831248
40000 0.0220733482111349 4.39624509406884E-06
40100 0.0220900520346276 0.00201579412693654
40200 0.0220800509801162 4.879275742945E-05
40300 0.0218768369353125 0.00213455347047851
40400 0.0219187235981626 0.000160238111543447
40500 0.0217846912865641 0.00183193018384538
40600 0.0218004709800839 0.000133581651643989
40700 0.0219741584310346 0.00178092093738438
40800 0.0219392549198523 0.000294815231632259
40900 0.0217875195500506 0.00170234504734914
41000 0.0217447809670373 5.49503219870921E-05
41100 0.0218914624893737 0.0016104428311876
41200 0.0218371244432747 0.00022220995117098
41300 0.0216556313172304 0.00164367744046449
41400 0.0216269896976927 0.000381070048188924
41500 0.021716078107061 0.00160184083931573
41600 0.021671080171935 0.000387442779028458
41700 0.0217256849615917 0.00128758159197313
41800 0.0215675964684332 0.000533111393138949
41900 0.0214633856846807 0.00143955118315318
42000 0.021388105777585 0.000477584090404457
42100 0.0215364711685715 0.00134341032478743
42200 0.0215186237004483 0.000443728268570624
42300 0.0215406410938196 0.00109111489659749
42400 0.0213414385306795 0.000646942568893684
42500 0.0213248887112506 0.0012491367869892
42600 0.0214127187073609 0.000901516781210513
42700 0.0213051216010237 0.000909915183777172
42800 0.0211057930991066 0.000887423076504844
42900 0.0212812571880232 0.00101509917104651
43000 0.0210913927676419 0.000744197787179156
43100 0.021166431057657 0.00114470968944783
43200 0.0212420503845446 0.000944392924655247
43300 0.0212654015325093 0.000676974618169769
43400 0.0209951354277091 0.000992787905624306
43500 0.0210864335989646 0.000734839653246953
43600 0.0212352851304183 0.000856045463108229
43700 0.0210678002047135 0.000803678909054665
43800 0.0209600193814762 0.00107378849884299
43900 0.0209708640935167 0.000662893194780964
44000 0.0210628999875261 0.00104700244988252
44100 0.0209823310476457 0.000423080465784714
44200 0.0211587773528706 0.00121590242391717
44300 0.0209565830590266 0.000347004704525429
44400 0.020917343779179 0.00141628244774782
44500 0.0208562691293214 0.0001221154797549
44600 0.0207695653074357 0.00136401476821446
44700 0.0206463026612749 1.50114917195295E-05
44800 0.0208687927915916 0.00146479973638877
44900 0.0207972299056051 5.60763143194912E-05
45000 0.0207793979641272 0.00144823981300057
45100 0.0206143837550882 0.000211975092714027
45200 0.0207433846661254 0.00151703186665211
45300 0.0207252152861586 0.000343877729521352
45400 0.0204164087608915 0.00151470414721907
45500 0.0205316948439823 0.000134143974723154
45600 0.0205263789749054 0.00123958491521145
45700 0.020623880309172 0.000164845636620454
45800 0.0205131761938065 0.00131810136085235
45900 0.0204286619296326 0.0004707229402106
46000 0.0204596759145998 0.0013889364705804
46100 0.0206472223535378 1.58059202704774E-05
46200 0.0204790378398742 0.00144221445887731
46300 0.0206009502982914 0.000241747686058067
46400 0.0202079304679478 0.00148003426155373
46500 0.0204621170860496 0.000277093910426551
46600 0.0202541034870781 0.00144455646288249
46700 0.0203693461316495 0.000160779774134518
46800 0.0203705601336278 0.00145411818217905
46900 0.020376564770996 0.000119797366745268
47000 0.0202743453211976 0.00146948590981332
47100 0.0201257566963765 0.000302981926694487
47200 0.0203293511251817 0.00151012812105801
47300 0.0202645875206578 7.72865877854151E-05
47400 0.0202346803178203 0.0016162455332629
47500 0.0200789174995825 0.00025438636959956
47600 0.0202743516050034 0.00145127736692909
47700 0.0203616063456726 0.000136824434489337
47800 0.0201078968674058 0.00154793387381909
47900 0.0201733600399456 0.000239454994729657
48000 0.0200121689481241 0.00152925748376354
48100 0.0199392740785219 0.000294756358045538
48200 0.0200875737345819 0.0013900811505882
48300 0.0200189299502903 0.000319007653116772
48400 0.0199402486771099 0.00132079397089072
48500 0.0200225240339093 0.000495861453534046
48600 0.0200421439976986 0.00134959303739162
48700 0.0199856895055721 0.000702539985604096
48800 0.0199014729085635 0.00114624994726127
48900 0.0199016414470022 0.000600504930688586
49000 0.0198027177983248 0.00115981704745277
49100 0.0197227596663803 0.000785435892090968
49200 0.0198342489291451 0.00109287690519448
49300 0.0198033633223372 0.000838814124787514
49400 0.019801926611046 0.000863334559289545
49500 0.0197508403787115 0.000723080806274893
49600 0.0198092669323506 0.000757805467001677
49700 0.0197435759551811 0.00091837433556097
49800 0.0197341496101246 0.000923360141274531
49900 0.0197497236982118 0.00075297670113975
50000 0.0197311487988076 0.000933040985782356
50100 0.0197386916539077 0.000776273470680325
50200 0.0196794850569242 0.000425500195651719
50300 0.0195849569200922 0.000789281844500691
50400 0.0195674529867609 0.00057729643258856
50500 0.0195155131240973 0.000733305433425189
50600 0.0195519220566117 0.000234064047880002
50700 0.0195010852507182 0.000798176594192037
50800 0.0195210105666323 9.42934890152848E-05
50900 0.0195240977048106 0.00111127673507311
51000 0.0194422798885092 0.00013578792339334
51100 0.0194682756018131 0.00116297399971607
51200 0.0194057179754818 3.68229059571019E-05
51300 0.0194532290731867 0.00112842427091472
51400 0.0194689193054291 0.000236086108288972
51500 0.0193432932358207 0.00118765709313681
51600 0.019450677016362 6.39708741988779E-05
51700 0.0193498881163234 0.00109686261572308
51800 0.0194678066165434 0.000146030014641433
51900 0.0191953558214448 0.00111436271546955
52000 0.0192114238051136 0.0002257042934654
52100 0.0193701007146733 0.00135876465798832
52200 0.019219970166681 0.000253096875491155
52300 0.0192674292036741 0.0012848916585825
52400 0.0192101418290495 9.6535869223532E-05
52500 0.0192495091606314 0.00115712466099703
52600 0.0191780202261655 0.00016099300035721
52700 0.0192195752766071 0.00133196080404395
52800 0.0190843399313129 0.000265418634773875
52900 0.0191863079084225 0.00135445547783111
53000 0.0190240187518836 0.00020726211694064
53100 0.0191894703769123 0.00115767951098736
53200 0.0190931853087802 9.5745293333225E-05
53300 0.0191232736583761 0.00145810488634565
53400 0.0189778668913131 1.43586626182818E-05
53500 0.019152731006391 0.00140405637504266
53600 0.0189505303545055 9.47395242604573E-05
53700 0.018934482559271 0.00133025254815529
53800 0.0189452582416482 3.12374091101526E-05
53900 0.0189528169758542 0.00148865677658273
54000 0.0189048318097821 4.14899481399749E-05
54100 0.0188900814252262 0.00128664137301171
54200 0.0189907247589443 9.77244151388935E-05
54300 0.0190636093057571 0.00128173991565445
54400 0.0189129434801988 0.000126550183400224
54500 0.0187665296999232 0.00139005877898667
54600 0.0187666587399149 0.000241669153201622
54700 0.0187381877837602 0.00145113375796358
54800 0.0187617837362533 8.76368519069787E-05
54900 0.0188144850325723 0.00112947927490244
55000 0.0187470048153654 0.000356109409637593
55100 0.0188538949119756 0.00108711341547918
55200 0.018691022228208 0.000510968109705873
55300 0.0186511113894024 0.000876759827575916
55400 0.0187810594167721 0.000367497700748257
55500 0.0186894282803597 0.00091091253118622
55600 0.0186408488810096 0.000562159881258491
55700 0.0186791702834129 0.000995028219579003
55800 0.0186119944345328 0.000535019674524575
55900 0.0185971624264019 0.000790994034213011
56000 0.0186421374840611 0.000549827973327277
56100 0.0185888941824042 0.000706178377367698
56200 0.0185565183483946 0.000572073997759098
56300 0.0185715138715603 0.000767343211842991
56400 0.01857398581636 0.000608967444406921
56500 0.0184799819245574 0.000814059569247179
56600 0.0185069525863337 0.000513103623056716
56700 0.0184470711350988 0.000587758735294572
56800 0.0185045424219426 0.000664027022858029
56900 0.018432414872215 0.000734397138246443
57000 0.0184228766271546 0.000954764706553178
57100 0.0182715071565704 0.000436297805921002
57200 0.018384165662586 0.000855264754942839
57300 0.0182901450771512 0.000384079402735485
57400 0.0184123840397969 0.000769783929772514
57500 0.0184347520796975 0.000376148797505609
57600 0.0183192907687015 0.000910766448944561
57700 0.0182790623436896 4.89833220159029E-05
57800 0.0183826379176659 0.00109432318807688
57900 0.0181905948304719 4.27614309924546E-05
58000 0.0181435282935968 0.000964374345915261
58100 0.0182012313367713 0.000195451325904418
58200 0.0182529749330979 0.00120209444451924
58300 0.0181690783949706 4.15278670773148E-05
58400 0.0182997896606659 0.00101368350825818
58500 0.0182845318379718 0.000173589134501716
58600 0.018160159843661 0.00110783024069425
58700 0.0181159506969881 0.000169181608542679
58800 0.0180562379622002 0.00116906997675484
58900 0.0181371850521205 0.000305661011615306
59000 0.0181756034344895 0.00116482164977699
59100 0.0180323790449228 0.000265955437150876
59200 0.0180775812166011 0.00101730967309612
59300 0.0179707623666956 7.80907963478922E-05
59400 0.0181057973714821 0.00107715627154313
59500 0.0180183836167865 0.000121572865603032
59600 0.0180259587838722 0.00114782356353277
59700 0.0180214787454659 0.000244674383306871
59800 0.018047705729936 0.0010913365221904
59900 0.0180877123472645 4.42489341366253E-05
60000 0.0178855526855716 0.000985263759263404
60100 0.0179862752285605 7.40880870766887E-05
60200 0.0179455609150823 0.00107611415682788
60300 0.017775046728884 0.000178003106119867
60400 0.0179871909759502 0.00117330316106966
60500 0.0178964947423057 8.55058910846702E-05
60600 0.0178719694215445 0.00119663484036607
60700 0.0178830624927522 3.55495690735539E-05
60800 0.0177121729245045 0.00128054115571125
60900 0.0179530448283423 0.000104014186761501
61000 0.0177258769304419 0.00112009956383291
61100 0.0177626848870755 3.09057317841924E-05
61200 0.0177308684127596 0.00116512667417828
61300 0.0179118602080615 0.000122889619512398
61400 0.017869769701324 0.00110054502621523
61500 0.0177588517630503 5.41659090813204E-05
61600 0.0177209337249996 0.00109263101272837
61700 0.017736844656755 0.000436055746661655
61800 0.0177227813020051 0.00103955995166999
61900 0.0176950770585355 0.000463095704856203
62000 0.0176595442225809 0.000928396588365614
62100 0.0176312457605603 0.000435344390632722
62200 0.0176247746064963 0.000901133079159773
62300 0.0176749162988678 0.000479167836442558
62400 0.017539960794112 0.0010064726525559
62500 0.0176021527158925 0.000516714592882888
62600 0.0175892977729325 0.000795677145947896
62700 0.0175736652724704 0.000474828155903748
62800 0.0174581599886911 0.000841644467819505
62900 0.0175186276899544 0.000571560399718969
63000 0.0176395794911407 0.000686188540922016
63100 0.0176166250650636 0.00062448844251383
63200 0.0174940210149581 0.000545343359271795
63300 0.0175659560063048 0.000535768917347133
63400 0.0174129656072103 0.00041949554332838
63500 0.0174525195889917 0.000675544395441715
63600 0.0174778228199319 0.000444559104073787
63700 0.017405927193116 0.000731173303492084
63800 0.0173797848934611 0.000365302425116691
63900 0.017396675209188 0.000648692377294092
64000 0.0173345839755376 0.000204083413190913
64100 0.0174259339855339 0.000869890739076096
64200 0.0173876517052432 0.00032466715453666
64300 0.0172504316798558 0.000772881709471449
64400 0.0173150971879205 0.000158639783077074
64500 0.0173837381642036 0.00075190665023585
64600 0.0173081349333322 8.77171024261369E-05
64700 0.017341055187758 0.000909119452567524
64800 0.0172580715897264 1.92224240225569E-05
64900 0.0173013909618293 0.000844265701443722
65000 0.0172985856452698 0.000136580101415812
65100 0.0173291429219759 0.000909380000594747
65200 0.0171989091938207 0.000265766860398156
65300 0.0171949551731322 0.00106388664043107
65400 0.0171385531339012 0.000182738225083204
65500 0.0171800162534027 0.00105613363854273
65600 0.0170756668747405 0.000133126214549026
65700 0.0171419263339548 0.000987387689793401
65800 0.0171877947203813 0.000252484956003796
65900 0.0171187174992421 0.00104244082575758
66000 0.0171293225479575 6.1171941440801E-05
66100 0.0170905933573672 0.000867851881838226
66200 0.0170636012356892 0.000131380485442995
66300 0.0171345238654067 0.000912697235665901
66400 0.0170826837321525 0.000120244699402708
66500 0.0170681397991281 0.0010798324510244
66600 0.017119841529617 0.000113961666150829
66700 0.0170882462208005 0.00111046328112353
66800 0.0170758501278406 7.04721729384744E-06
66900 0.0171132951152948 0.000936516256105103
67000 0.0170549526084202 1.06163310213786E-06
67100 0.017060777096043 0.00122329247392148
67200 0.0168482808175894 0.000109463872502727
67300 0.0169834509424223 0.0012256662388399
67400 0.0170626003131277 6.48231231611779E-06
67500 0.0169627184643961 0.000998437785375113
67600 0.0169412388745511 6.28061964119344E-05
67700 0.0169201632404511 0.00117363657882794
67800 0.0168081012964948 0.000135112518518526
67900 0.0169041165959962 0.00102437418054462
68000 0.0168651983832809 0.000193143662757885
68100 0.0167720457771596 0.000951992706172302
68200 0.0166951529422744 0.000181217682119576
68300 0.0168417069377615 0.00101610841799362
68400 0.0168024482217246 0.00021475124639269
68500 0.0169031422937704 0.000875112556421343
68600 0.0168296841425041 0.000355289808168849
68700 0.0167322658696527 0.000718978293769005
68800 0.0167105863715955 0.000355941431993649
68900 0.01676305754117 0.000896033189020868
69000 0.0167542630527992 0.000477149966992721
69100 0.0167750143340973 0.000839993013655986
69200 0.0166289419590517 0.000336309188515895
69300 0.0167758243807765 0.000711554692624591
69400 0.0166916589428984 0.000567976623838862
69500 0.0166680986248866 0.000581509264987826
69600 0.0167391621500554 0.000546416316897813
69700 0.0166937703028817 0.000483423231181766
69800 0.0166266046716591 0.000519724451524202
69900 0.0166908753087794 0.000560477930942398
70000 0.0167244684826719 0.000531312785131237
70100 0.0165235829458133 0.000553857185722585
70200 0.0165781701663106 0.000601742297031525
70300 0.0166328349067241 0.000469501372508476
70400 0.0165655256514099 0.000553210681870545
70500 0.0164947029660581 0.000351659643301174
70600 0.0165548778352686 0.000686368470595203
70700 0.016659433539766 0.000433203493140049
70800 0.0164717568489955 0.000678490237473431
70900 0.0166090836145671 0.000363497896507339
71000 0.0165564817142156 0.000649106448806681
71100 0.0165412692652128 0.000128395712698601
71200 0.0164764522415953 0.000786485252187476
71300 0.0165793829889462 0.00019546028724725
71400 0.0164871567597024 0.000935949628285615
71500 0.0164190508323181 0.000121130318157477
71600 0.0164818003782119 0.000924411763550585
71700 0.0164472111992129 1.18129488360796E-05
71800 0.0164505656575371 0.00090482274832952
71900 0.0163883288835337 9.71363445561805E-05
72000 0.0163744276249049 0.000978058566708423
72100 0.016379541868639 0.000295068861373801
72200 0.0162729637340413 0.00090037593809776
72300 0.0163072561218236 0.0002883183936919
72400 0.0163911041024477 0.000851424999022831
72500 0.0163692516707717 5.94819673532808E-05
72600 0.0163228654969651 0.000907037460099627
72700 0.0162915333246019 0.000107808994715254
72800 0.0163385329116377 0.00085778823895361
72900 0.0162789769936729 0.000176460217826865
73000 0.0162857400724887 0.000825604783234188
73100 0.0162948133018611 8.84924435088219E-05
73200 0.0162640424176127 0.000988390825141548
73300 0.0161771272023968 0.000139629042918001
73400 0.0163323115361009 0.000873611223726255
73500 0.0162580092277395 0.00020746207257173
73600 0.0162350612861438 0.000873887620787662
73700 0.0162977119225078 7.79459383763457E-06
73800 0.0160931568407849 0.000930595130510852
73900 0.0160771178992966 7.80354497468641E-06
74000 0.0162771893165657 0.000991129957410231
74100 0.0161592849759954 9.76135954981348E-05
74200 0.0161691751602903 0.000976716523914057
74300 0.0161823827973951 7.09266245998379E-05
74400 0.0161151561563605 0.00090159322864278
74500 0.0161751451030137 0.000146386656667113
74600 0.0160556383190973 0.000952389377943556
74700 0.0159875244452018 2.86423094558837E-05
74800 0.0160943974374003 0.000925149640860685
74900 0.0160528233063189 0.000295877287666682
75000 0.0161553838093684 0.000930289283406868
75100 0.0160711121908853 0.000250367357041626
75200 0.0159763935307612 0.000963398867742627
75300 0.0161890126419729 0.000211235929459739
75400 0.0159344815179191 0.000792542766391722
75500 0.0159939809215822 0.000371039768881706
75600 0.016076753537804 0.000811275401648943
75700 0.0160511148024158 0.000382675274816505
75800 0.015920013233629 0.000725312610596079
75900 0.0160549509522418 0.000396961382249731
76000 0.0159119140448261 0.000717660946549229
76100 0.0159798306744948 0.000541679884178606
76200 0.0160073481104019 0.00069696981613286
76300 0.0159071907498616 0.000631635153237107
76400 0.0159811112693653 0.000560744045736731
76500 0.0158793602642681 0.000485073002834111
76600 0.0158680660474579 0.00042353520631765
76700 0.0158814825659212 0.00048591275687752
76800 0.0158638805554699 0.000502870846152121
76900 0.0158500241462977 0.000462454274102544
77000 0.0158687541239318 0.000364272361489433
77100 0.0157334242291568 0.000492904434062107
77200 0.0158858489931383 0.000289602622576524
77300 0.0158871791351413 0.000487461552467611
77400 0.0157948717215661 0.000246177547766917
77500 0.0158521845926824 0.000631491253053484
77600 0.0157213161865505 5.45679006620485E-05
77700 0.0158538233834927 0.000579852196523726
77800 0.0157277304393559 3.16793899732866E-05
77900 0.0157102665492644 0.000705066689777377
78000 0.0157688045351938 2.65257358716459E-05
78100 0.0156619316907354 0.000737314953818643
78200 0.0156946512531186 0.000171983266849457
78300 0.0157190820714204 0.000671910856888171
78400 0.0156712794766499 0.000184463868342228
78500 0.0156731887277496 0.000899697447652036
78600 0.0155713360481911 3.80273628239781E-05
78700 0.0157686662359972 0.000787556401802122
78800 0.0156863021155026 8.36640533475876E-05
78900 0.0156146885973968 0.000806650279670795
79000 0.0156197354423926 0.000207101211539649
79100 0.0156766004169139 0.000813230806692027
79200 0.0156748368342133 0.000145336976216601
79300 0.0155626732388549 0.000763799810720039
79400 0.0156787820452696 9.84334777096583E-05
79500 0.0156360291730749 0.000797188068697047
79600 0.0156253859421039 0.000177929608310373
79700 0.0156347178635089 0.000900625226686784
79800 0.0156567562623891 2.75225031044455E-05
79900 0.0156285634342789 0.000921596215213178
80000 0.0155380471867704 0.000144711269982006
80100 0.0155834023824795 0.000842297801855945
80200 0.0155517940164575 1.8956787386117E-05
80300 0.0154703526249181 0.000938498451780755
80400 0.015509003325422 1.15201051435189E-05
80500 0.015423156942003 0.000826817689355673
80600 0.0155057018427242 7.2656793691183E-05
80700 0.0155495610214388 0.000861548579614399
80800 0.0154678741730486 2.07977832339967E-05
80900 0.015419664691516 0.000976025924180336
81000 0.0153886077888123 6.30727067717438E-05
81100 0.0155364956134337 0.00094710575339712
81200 0.015431745005287 0.000130864544301915
81300 0.0153450717701804 0.000782946698991991
81400 0.01538394932982 0.000124557251128797
81500 0.0154281763164508 0.000910504895897822
81600 0.015469321898001 5.74320532067219E-05
81700 0.0154806193435433 0.000858873911601606
81800 0.0153580202270971 0.000117683324857982
81900 0.0153547518246565 0.000669637892468803
82000 0.0154286696842066 0.000246005063076671
82100 0.0152982676500051 0.000771930584720078
82200 0.0153521685366323 0.000321972667176034
82300 0.0153704563200532 0.000596247346192629
82400 0.0153769720757028 0.000390078429172919
82500 0.015265721731669 0.00053029949098689
82600 0.0152902016453512 0.000331533397257027
82700 0.0153196947605307 0.000614246653818248
82800 0.0152673558294845 0.000351546150922298
82900 0.0152431362900256 0.000445563417578663
83000 0.0152912970677131 0.000444910238463753
83100 0.0152685791336256 0.000395976717176005
83200 0.0152759401018325 0.000425048075522418
83300 0.0152303166107781 0.000489063326860757
83400 0.0153344680610577 0.000452677772872414
83500 0.015164434507326 0.000506307400521872
83600 0.0152517125636639 0.000388050623042856
83700 0.0152272313888942 0.000392839341834366
83800 0.0151899045841265 0.000516377247808038
83900 0.015316790007092 0.000238297488750099
84000 0.0151897486879074 0.000608566424066592
84100 0.0152529978763484 0.000218479461864884
84200 0.0151309919563026 0.000521370499535638
84300 0.0151714865037047 0.000162370819168744
84400 0.015231632246792 0.000603908240267498
84500 0.0152000060843622 0.000250082481209494
84600 0.0150782780469596 0.00066463387566041
84700 0.0151691513239817 5.32622783315444E-05
84800 0.0151712079555202 0.000705709659936661
84900 0.0151204229831845 1.79646910931178E-05
85000 0.0150713156692352 0.000719428298496156
85100 0.0150951852169001 5.58806397814252E-06
85200 0.0151543182868551 0.000725103265307566
85300 0.015057476898226 8.95360987615967E-05
85400 0.0150297231159026 0.000664773540861106
85500 0.0150874315527173 0.00022635815746497
85600 0.0150699304715202 0.000759537687292663
85700 0.0149803620671525 0.000103079969875925
85800 0.015050872024738 0.00085523760164348
85900 0.0149809748653073 0.000225290881845691
86000 0.0149427528263582 0.000788875986125839
86100 0.0149614582764376 0.000183503684613751
86200 0.0150307694394571 0.000710724425521144
86300 0.0149847498856491 8.84515980366293E-05
86400 0.0149006576579513 0.000782439658265871
86500 0.0150276933066579 0.000154419916852811
86600 0.0149725802514793 0.00076471394573507
86700 0.0150028681965861 0.000121896202602514
86800 0.0149274182812694 0.000686577097057769
86900 0.0149030288958258 1.08759219115526E-05
87000 0.014844673752597 0.000766234720690632
87100 0.014938483376505 5.6400906265048E-06
87200 0.0149017339827349 0.000749712449883593
87300 0.0148598644486701 4.443718952068E-05
87400 0.0148164247417009 0.000735541357070003
87500 0.0148968699000969 5.5024636455137E-05
87600 0.0148698559081611 0.000883761569738913
87700 0.0149154189418823 4.25029089692833E-05
87800 0.0148557880329123 0.000776871903002392
87900 0.0148350078217565 4.06105797478302E-05
88000 0.0148051315282147 0.000802652604175477
88100 0.0147640810662469 0.000134910241253797
88200 0.0147675997698816 0.000795329086577899
88300 0.0147584532491659 0.000166377611820909
88400 0.0148345565247733 0.000792128638530384
88500 0.0147945451447412 4.35170101115343E-05
88600 0.0147790785699392 0.000674366119310138
88700 0.0148448637888833 0.000297439841212182
88800 0.0147680796515308 0.000665779301385957
88900 0.0147104537293838 0.000341752532619386
89000 0.0147484493074361 0.000638407978087373
89100 0.0147795182549477 0.00024800219747891
89200 0.0147464688856043 0.00059169969130598
89300 0.0146928410296647 0.000492887963453835
89400 0.014798108629297 0.000623978170915924
89500 0.0147244959862693 0.000421849274795641
89600 0.0146231794811232 0.000608122366987384
89700 0.0147004527322704 0.000365603178597323
89800 0.014730825412544 0.000439851119720763
89900 0.0146986801090621 0.00043242869557871
90000 0.0147273897392275 0.000405229635704697
90100 0.0146643127794659 0.000448056723894128
90200 0.0146745374456877 0.000375126722394692
90300 0.0147218948389907 0.000335020356494603
90400 0.0146394826940718 0.000208493360871239
90500 0.0147004657394523 0.000504876655850454
90600 0.0146362383275051 0.000294342475062658
90700 0.0145545810443082 0.000582421412922449
90800 0.0146511813390135 0.000196915534668224
90900 0.0147133003945175 0.000498962484929424
91000 0.0145465365734148 0.000104517134178651
91100 0.0146728665323441 0.000528809106492605
91200 0.0145623480404213 0.000131882089201361
91300 0.0146420150262396 0.00055506451580366
91400 0.0145537586342861 3.19796099619373E-05
91500 0.0145427683829363 0.000609512751998291
91600 0.0145589740671038 4.79386563580205E-05
91700 0.014490606594631 0.000624187544343199
91800 0.0145147467927564 8.68892633056201E-05
91900 0.0144970059110572 0.000734145985922969
92000 0.0144997346974143 0.00017670116232881
92100 0.0145232120587274 0.000633353023029297
92200 0.014511561159151 0.000177513284184651
92300 0.014574655703954 0.000761177297999501
92400 0.0144442517975053 0.000206898992131964
92500 0.0144246484574954 0.000742797073380723
92600 0.014487313771872 0.000203917128291318
92700 0.014328138051327 0.000714058729157492
92800 0.0144740618242678 0.000165381919707988
92900 0.0144706000869132 0.000766319495544775
93000 0.0143959937818201 3.39795574421801E-05
93100 0.0144340955638838 0.00066330874128793
93200 0.0145198980061312 2.645346914671E-05
93300 0.0144061986872434 0.000702075323019694
93400 0.0144016547208417 8.18983885424594E-05
93500 0.0143841120696303 0.000746649662808487
93600 0.0144257950541192 1.72536268285262E-05
93700 0.0144365591434543 0.000669079346865105
93800 0.0143760229664504 1.23199139217431E-05
93900 0.0144123581184632 0.000706161909122403
94000 0.014317182196295 2.10910405384253E-06
94100 0.0143300197499874 0.00088452917346015
94200 0.0143338467762704 2.12434050316632E-05
94300 0.0143924677181027 0.000784163642756895
94400 0.0142377579274729 1.6834955931103E-05
94500 0.0143018799490135 0.000773666699803694
94600 0.0142783258988886 5.93617153686627E-05
94700 0.0142668391854101 0.0007488904083168
94800 0.0142521891272747 0.000160715679045932
94900 0.014271696927327 0.000685235519235635
95000 0.0141607062452313 0.000149305504884234
95100 0.0142195659625339 0.000639472137091062
95200 0.0143564240989656 0.000138866095272767
95300 0.014299309049522 0.000766716996966843
95400 0.0142352708553562 0.000210102419230707
95500 0.0142347896901669 0.000615590943005197
95600 0.0141596924615987 0.000266282694634401
95700 0.0142173776732811 0.000485104716143212
95800 0.0142375980614505 0.00032818264222029
95900 0.0141598804496428 0.000618169664871855
96000 0.0141645787065636 0.000244448767740982
96100 0.0142118373778226 0.000522715350364288
96200 0.0141847490170236 0.000314356760524693
96300 0.0142024880779146 0.000351187668595798
96400 0.0141122864794311 0.000362442813568919
96500 0.0140325627040705 0.000447647820357296
96600 0.0140759323721862 0.000401689510723738
96700 0.0141519710940394 0.000363364874748496
96800 0.0140669894916505 0.000456165572635537
96900 0.0141333996709906 0.000322614176622898
97000 0.0140705726711911 0.000389884113308647
97100 0.0141283046160485 0.000373574101598429
97200 0.0141683863004811 0.000391113391373033
97300 0.0140563761198692 0.000208941858463586
97400 0.01408068615755 0.000437435765570494
97500 0.0140625032139057 0.000144685035984127
97600 0.0141144388668001 0.000466738477151249
97700 0.0140637831918691 0.00024350889656776
97800 0.0141995893548878 0.000521874228637311
97900 0.0141437048146099 0.000232242405035303
98000 0.0139365210675894 0.000496008155175833
98100 0.0141621143391477 7.32751619430019E-05
98200 0.014096333680137 0.000590640467282411
98300 0.0140541423307706 1.16205828258816E-05
98400 0.014049140400988 0.000698812051589655
98500 0.0139894368688049 9.89132352965194E-05
98600 0.0140709167102918 0.000622540183708894
98700 0.0140374951965465 8.68159713364336E-05
98800 0.0139791804291998 0.000682407756168764
98900 0.0140134439597444 0.000156623574999825
99000 0.0140493650406945 0.000646868086203395
99100 0.013932386215842 0.000157035680333365
99200 0.0140192474850329 0.000646798854772149
99300 0.0139931399515501 0.000207781778747129
99400 0.0139645832822464 0.00064392843571903
99500 0.0139222520640676 0.000122768811289203
99600 0.0139193485577797 0.000623035002216673
99700 0.0139471202218156 3.82515540145824E-05
99800 0.0138969045056354 0.000579733971007756
99900 0.0139446322297036 0.000185602614710101
