-1 0.35322690848236
-0.916666666666667 0.330139867514641
-0.833333333333333 0.219122242647539
-0.75 0.0214250608884753
-0.666666666666667 -0.237264517705948
-0.583333333333333 -0.508325606174341
-0.5 -0.729313201374526
-0.416666666666667 -0.839197545931424
-0.333333333333333 -0.795804378724626
-0.25 -0.590114506900605
-0.166666666666667 -0.252421459577818
-0.0833333333333334 0.152457716274471
0 0.54030230586814
0.0833333333333333 0.828855288085926
0.166666666666667 0.959127322096085
0.25 0.910208985677219
0.333333333333333 0.703242819526761
0.416666666666667 0.393736301667416
0.5 0.0550901880510869
0.583333333333333 -0.241234227451476
0.666666666666667 -0.442900572355979
0.75 -0.526651620202716
0.833333333333333 -0.499194824057545
0.916666666666667 -0.390161748578994
1 -0.240462049968584


-1 0.385705261829658
-0.99 0.378170572188423
-0.98 0.37010458052967
-0.97 0.361488269537071
-0.96 0.352302491030433
-0.95 0.342528070431887
-0.94 0.332145922173388
-0.93 0.321137176189446
-0.92 0.309483315552638
-0.91 0.297166325214056
-0.9 0.284168851706791
-0.89 0.270474373558035
-0.88 0.256067382034946
-0.87 0.240933571721695
-0.86 0.225060040290816
-0.85 0.208435496692093
-0.84 0.191050476837705
-0.83 0.17289756571463
-0.82 0.153971624705448
-0.81 0.134270022748555
-0.8 0.113792869819725
-0.79 0.0925432510709143
-0.78 0.0705274598210054
-0.77 0.0477552274587855
-0.76 0.0242399481929553
-0.75 -1.10353058180521E-06
-0.74 -0.02494656522532
-0.73 -0.0505707905419791
-0.72 -0.0768436678637176
-0.71 -0.103730455804275
-0.7 -0.131191638122589
-0.69 -0.159182800572194
-0.68 -0.18765453218352
-0.67 -0.216552353430588
-0.66 -0.245816673659216
-0.65 -0.27538278005068
-0.64 -0.3051808602621
-0.63 -0.335136060722098
-0.62 -0.365168582367515
-0.61 -0.39519381538434
-0.6 -0.425122514264173
-0.59 -0.454861014207514
-0.58 -0.48431148959843
-0.57 -0.513372254943451
-0.56 -0.541938108313247
-0.55 -0.569900716951313
-0.54 -0.597149044322592
-0.53 -0.623569817470197
-0.52 -0.649048033133785
-0.51 -0.673467500662841
-0.5 -0.696711419336546
-0.49 -0.718662987283458
-0.48 -0.739206038783878
-0.47 -0.758225706340258
-0.46 -0.77560910352137
-0.45 -0.791246024229153
-0.44 -0.805029653708082
-0.429999999999999 -0.816857286320344
-0.419999999999999 -0.826631044850729
-0.409999999999999 -0.834258595887113
-0.399999999999999 -0.839653855649955
-0.389999999999999 -0.84273768052071
-0.379999999999999 -0.843438536447814
-0.369999999999999 -0.841693141392478
-0.359999999999999 -0.837447075016928
-0.349999999999999 -0.830655349916569
-0.339999999999999 -0.821282938855394
-0.329999999999999 -0.80930525268114
-0.319999999999999 -0.794708563872392
-0.309999999999999 -0.777490371002878
-0.299999999999999 -0.757659699796454
-0.289999999999999 -0.735237336886969
-0.279999999999999 -0.710255992886908
-0.269999999999999 -0.682760391903174
-0.259999999999999 -0.652807285212967
-0.249999999999999 -0.620465387421864
-0.239999999999999 -0.585815234064203
-0.229999999999999 -0.548948960266185
-0.219999999999999 -0.509970000768085
-0.209999999999999 -0.468992712286429
-0.199999999999999 -0.426141919882803
-0.189999999999999 -0.381552389685474
-0.179999999999999 -0.335368230975979
-0.169999999999999 -0.287742231297718
-0.159999999999999 -0.238835128860169
-0.149999999999999 -0.188814827093694
-0.139999999999999 -0.137855556749254
-0.129999999999999 -0.0861369914286315
-0.119999999999999 -0.033843322868195
-0.109999999999999 0.0188376973222394
-0.0999999999999992 0.0717157424486645
-0.0899999999999992 0.124598914785247
-0.0799999999999993 0.177294761446462
-0.0699999999999993 0.229611294529281
-0.0599999999999993 0.281358007942526
-0.0499999999999993 0.332346883380849
-0.0399999999999993 0.382393378014157
-0.0299999999999992 0.431317386648294
-0.0199999999999992 0.478944171367147
-0.00999999999999925 0.525105251987043
7.52869988573934E-16 0.569639251037453
0.0100000000000008 0.612392687423178
0.0200000000000008 0.65322071341701
0.0300000000000008 0.691987790172679
0.0400000000000008 0.728568297529309
0.0500000000000008 0.762847074493985
0.0600000000000008 0.794719887431242
0.0700000000000008 0.824093823650131
0.0800000000000008 0.8508876087535
0.0900000000000007 0.875031846792867
0.100000000000001 0.896469182948292
0.110000000000001 0.915154389118763
0.120000000000001 0.931054373457803
0.130000000000001 0.944148115514581
0.140000000000001 0.95442652923648
0.150000000000001 0.961892256649156
0.160000000000001 0.966559395549228
0.170000000000001 0.968453165018378
0.180000000000001 0.967609512991708
0.190000000000001 0.964074670484465
0.200000000000001 0.95790465739711
0.210000000000001 0.949164745077242
0.220000000000001 0.937928881017008
0.230000000000001 0.924279081205956
0.240000000000001 0.908304795741974
0.250000000000001 0.890102253328165
0.260000000000001 0.869773790252718
0.270000000000001 0.847427169364365
0.280000000000001 0.823174894420642
0.290000000000001 0.797133525003191
0.300000000000001 0.769422996967551
0.310000000000001 0.740165953128351
0.320000000000001 0.709487088579044
0.330000000000001 0.67751251471304
0.340000000000001 0.644369145655033
0.350000000000001 0.610184110432701
0.360000000000001 0.575084193824565
0.370000000000001 0.539195308414809
0.380000000000001 0.502641999975123
0.390000000000001 0.465546987881891
0.400000000000001 0.428030741868947
0.410000000000001 0.390211096015887
0.420000000000001 0.35220290048366
0.430000000000001 0.314117711136504
0.440000000000001 0.276063516835635
0.450000000000001 0.238144503858288
0.460000000000001 0.200460856588407
0.470000000000001 0.16310859334453
0.480000000000001 0.126179435957899
0.490000000000001 0.0897607114909301
0.500000000000001 0.0539352842936217
0.510000000000001 0.0187815164338322
0.520000000000001 -0.0156267455933739
0.530000000000001 -0.0492201600722184
0.540000000000001 -0.0819338574535613
0.550000000000001 -0.113707388229245
0.560000000000001 -0.144484653612894
0.570000000000001 -0.174213821333725
0.580000000000001 -0.202847228812472
0.590000000000001 -0.23034127592847
0.600000000000001 -0.256656309506347
0.610000000000001 -0.2817565015518
0.620000000000001 -0.305609723150902
0.630000000000001 -0.328187415818547
0.640000000000001 -0.34946446194142
0.650000000000001 -0.369419055811506
0.660000000000001 -0.38803257659004
0.670000000000001 -0.405289464381023
0.680000000000001 -0.421177100430294
0.690000000000001 -0.435685692302561
0.700000000000001 -0.448808164726715
0.710000000000001 -0.460540056640996
0.720000000000001 -0.470879424815668
0.730000000000001 -0.479826754283361
0.740000000000001 -0.487384875667414
0.750000000000001 -0.493558889367459
0.760000000000001 -0.498356096440227
0.770000000000001 -0.501785935902793
0.780000000000001 -0.503859928085856
0.790000000000001 -0.504591623576691
0.800000000000001 -0.503996557215312
0.810000000000001 -0.50209220654338
0.820000000000001 -0.498897954053427
0.830000000000001 -0.494435052545946
0.840000000000001 -0.48872659287359
0.850000000000001 -0.481797473334707
0.860000000000001 -0.473674369972354
0.870000000000001 -0.464385707039137
0.880000000000001 -0.4539616269022
0.890000000000001 -0.442433958685643
0.900000000000001 -0.429836184978955
0.910000000000001 -0.416203405978897
0.920000000000001 -0.401572300477748
0.930000000000001 -0.385981083162372
0.940000000000001 -0.369469457744975
0.950000000000001 -0.352078565507234
0.960000000000001 -0.33385092890355
0.970000000000001 -0.314830389935906
0.980000000000001 -0.29506204308124
0.990000000000001 -0.274592162621755
