0.1 2.25271264138442
0.15 1.82781376614359
0.2 1.52406381262914
0.25 1.28802251515743
0.3 1.09579798553013
0.35 0.934581218103001
0.4 0.79667780889558
0.45 0.677087096900872
0.5 0.572364934570578
0.55 0.480030847972598
0.6 0.39823385013965
0.65 0.325552180192869
0.7 0.260867239001004
0.75 0.203280944091058
0.8 0.152059671244275
0.85 0.106595109501679
0.9 0.0663762329320836
0.95 0.0309687886039271
1 -1.0935097827236E-08
1.05 -0.0268530831398737
1.1 -0.0498724516096242
1.15 -0.0693062187422887
1.2 -0.0853740998049596
1.25 -0.0982718459624631
1.3 -0.108174818795809
1.35 -0.115240906395673
1.4 -0.119612922978576
1.45 -0.121420599316897
1.5 -0.120782245989369
1.55 -0.117806152783025
1.6 -0.112591773626338
1.65 -0.105230735899586
1.7 -0.0958077049377281
1.75 -0.0844011283607263
1.8 -0.0710838800699356
1.85 -0.0559238199960925
1.9 -0.038984282725738
1.95 -0.0203245057836229
2 -1.09350993815482E-08
2.05 0.0219370810295582
2.1 0.0454377281947009
2.15 0.0704557236328703
2.2 0.0969474569889953
2.25 0.124871705351747
2.3 0.154189445671684
2.35 0.184863686054662
2.4 0.216859313642634
2.45 0.250142957115584
2.5 0.284682862118798
2.55 0.320448778148128
2.6 0.357411855619391
2.65 0.395544552012897
2.7 0.434820546124446
2.75 0.475214659574694
2.8 0.51670278483218
2.85 0.559261819094138
2.9 0.602869603446653
2.95 0.647504866792029
3 0.693147174089521
3.05 0.739776874179867
3.1 0.787375072924074
3.15 0.835923565772436
3.2 0.885404817353257
3.25 0.93580192156807
3.3 0.987098568606782
3.35 1.03927901421073
3.4 1.09232805099653
3.45 1.14623098167221
3.5 1.20097359399295
3.55 1.25654213731845
3.6 1.31292330064683
3.65 1.37010419201102
3.69999999999999 1.42807231913472
3.74999999999999 1.48681557125317
3.79999999999999 1.54632220201333
3.84999999999999 1.60658081337469
3.89999999999999 1.66758034043907
3.94999999999999 1.72931003714376
3.99999999999999 1.79175946275763
4.04999999999999 1.85491846479918
4.09999999999999 1.91877718441517
4.14999999999999 1.98332601860997
4.19999999999999 2.04855562715894
4.24999999999999 2.11445691790971
4.29999999999999 2.18102103707921
4.34999999999999 2.24823936004769
4.39999999999999 2.31610348261864
4.44999999999999 2.38460521271548
4.49999999999999 2.45373656248832
4.54999999999999 2.52348974080577
4.59999999999999 2.59385714610888
4.64999999999999 2.66483135960542
4.69999999999999 2.73640513878489
4.74999999999999 2.80857141123549
4.79999999999999 2.88132326874567
4.84999999999999 2.95465396167438
4.89999999999999 3.02855689357467
4.94999999999999 3.10302561605678
4.99999999999999 3.17805382387751
