0.1 -0.49875621120892 -0.5
0.2 -0.495097567963925 -0.5
0.3 -0.489229454345056 -0.5
0.4 -0.48145600891813 -0.5
0.5 -0.472135954999579 -0.5
0.6 -0.461639941580724 -0.5
0.7 -0.450317472598715 -0.5
0.8 -0.438476324197765 -0.5
0.9 -0.426373339144903 -0.5
1 -0.414213562373095 -0.5
1.1 -0.40215444192715 -0.5
1.2 -0.390312454987036 -0.5
1.3 -0.378770382654245 -0.5
1.4 -0.367584210922717 -0.5
1.5 -0.356789172325331 -0.5
1.6 -0.346404775941922 -0.5
1.7 -0.336438855478063 -0.5
1.8 -0.326890749443641 -0.5
1.9 -0.317753754946921 -0.5
2 -0.309016994374944 -0.5
2.1 -0.300666818576552 -0.5
2.2 -0.292687850148529 -0.5
2.3 -0.285063750623228 -0.5
2.4 -0.277777777777758 -0.5
2.5 -0.270813184570575 -0.5
2.6 -0.264153499324887 -0.5
2.7 -0.257782717390575 -0.5
2.8 -0.251685427226956 -0.5
2.9 -0.245846888232233 -0.5
3 -0.240253073347089 -0.5
3.1 -0.234890686259343 -0.5
3.2 -0.229747160432618 -0.5
3.3 -0.224810645537341 -0.5
3.4 -0.220069985211671 -0.5
3.5 -0.215514689341978 -0.5
3.6 -0.211134902647513 -0.5
3.7 -0.206921371749163 -0.5
3.8 -0.202865411192416 -0.5
3.9 -0.198958870832123 -0.5
4 -0.195194101482144 -0.5
4.1 -0.191563924314931 -0.5
4.2 -0.188061600218032 -0.5
4.3 -0.184680798422213 -0.5
4.4 -0.181415580042719 -0.5
4.5 -0.178260355366347 -0.5
4.6 -0.175209872000394 -0.5
4.7 -0.17225918915418 -0.5
4.8 -0.169403656697009 -0.5
4.9 -0.166638895648223 -0.5
5 -0.163960780023575 -0.5
5.1 -0.161365390695475 -0.5
5.2 -0.158849121336679 -0.5
5.3 -0.156408473799883 -0.5
5.4 -0.154040177055585 -0.5
5.5 -0.151741139868073 -0.5
5.6 -0.149508439156466 -0.5
5.7 -0.147339309189581 -0.5
5.8 -0.145231131553295 -0.5
5.9 -0.143181425833052 -0.5
5.99999999999999 -0.141187840957989 -0.5


0.1 -0.124921968933915 -0.125
0.2 -0.124689049114545 -0.125
0.3 -0.124304670620193 -0.125
0.4 -0.123774387801417 -0.125
0.5 -0.12310562101738 -0.125
0.6 -0.122307358441413 -0.125
0.7 -0.121389796511032 -0.125
0.8 -0.120363992807535 -0.125
0.9 -0.119241483648038 -0.125
1 -0.118033979341794 -0.125
1.1 -0.116753060857746 -0.125
1.2 -0.115409971713101 -0.125
1.3 -0.114015392665832 -0.125
1.4 -0.112579335241243 -0.125
1.5 -0.111111030061011 -0.125
1.6 -0.109619001934589 -0.125
1.7 -0.108110800447786 -0.125
1.8 -0.106593214176504 -0.125
1.9 -0.105072230162056 -0.125
2 -0.103553061029649 -0.125
2.1 -0.102040667399097 -0.125
2.2 -0.100538283934781 -0.125
2.3 -0.0990499446222177 -0.125
2.4 -0.0975776807379684 -0.125
2.5 -0.0961236870295046 -0.125
2.6 -0.094691845341368 -0.125
2.7 -0.0932821030227746 -0.125
2.8 -0.0918943968894132 -0.125
2.9 -0.0905330091436538 -0.125
3 -0.0891927680532028 -0.125
3.1 -0.0878831265112707 -0.125
3.2 -0.0865990509455034 -0.125
3.3 -0.0853408559012351 -0.125
3.4 -0.0841016950176807 -0.125
3.5 -0.082897278501399 -0.125
3.6 -0.0817182637804237 -0.125
3.7 -0.0805645556988931 -0.125
3.8 -0.0794171395199099 -0.125
3.9 -0.0783171639979146 -0.125
4 -0.0772408323565118 -0.125
4.1 -0.0761879216026436 -0.125
4.2 -0.0751581291062414 -0.125
4.3 -0.0740928518724482 -0.125
4.4 -0.0731171350303163 -0.125
4.5 -0.0721618485458196 -0.125
4.6 -0.0712267859396265 -0.125
4.7 -0.0703116778265013 -0.125
4.8 -0.0694162067637602 -0.125
4.9 -0.0685400191361864 -0.125
5 -0.067682734681635 -0.125
5.1 -0.0666704892442027 -0.125
5.2 -0.0658682925487088 -0.125
5.3 -0.0650815976193077 -0.125
5.4 -0.0643102563662762 -0.125
5.5 -0.0635540822269896 -0.125
5.6 -0.0628128581180264 -0.125
5.7 -0.0620863430398876 -0.125
5.8 -0.06137427756363 -0.125
5.9 -0.06067638838795 -0.125
5.99999999999999 -0.0599923921221363 -0.125


0.1 -0.0554079194926119 -0.0555555555555556
0.2 -0.0553607663404411 -0.0555555555555556
0.3 -0.0552644702230164 -0.0555555555555556
0.4 -0.055173634564204 -0.0555555555555556
0.5 -0.0550348145274922 -0.0555555555555556
0.6 -0.0548668857396756 -0.0555555555555556
0.7 -0.0546292670923033 -0.0555555555555556
0.8 -0.0544203665929315 -0.0555555555555556
0.9 -0.0541781326288984 -0.0555555555555556
1 -0.053925711001109 -0.0555555555555556
1.1 -0.0536069307942711 -0.0555555555555556
1.2 -0.0533114738678439 -0.0555555555555556
1.3 -0.0529655467326092 -0.0555555555555556
1.4 -0.052562354211738 -0.0555555555555556
1.5 -0.0520733431564716 -0.0555555555555556
1.6 -0.0517188550508262 -0.0555555555555556
1.7 -0.0513221143498715 -0.0555555555555556
1.8 -0.0508834914125536 -0.0555555555555556
1.9 -0.050396466132507 -0.0555555555555556
2 -0.0498451982119618 -0.0555555555555556
2.1 -0.0496375599171115 -0.0555555555555556
2.2 -0.049036730982958 -0.0555555555555556
2.3 -0.0487823228955102 -0.0555555555555556
2.4 -0.0481202117764504 -0.0555555555555556
2.5 -0.0472831228971169 -0.0555555555555556
2.6 -0.0470937838508401 -0.0555555555555556
2.7 -0.0468353920787517 -0.0555555555555556
2.8 -0.0459129087819361 -0.0555555555555556
2.9 -0.0456933793988292 -0.0555555555555556
3 -0.0444624755532621 -0.0555555555555556
3.1 -0.0443187322302119 -0.0555555555555556
3.2 -0.04411625833741 -0.0555555555555556
3.3 -0.0438677497205153 -0.0555555555555556
3.4 -0.0423912389000936 -0.0555555555555556
3.5 -0.0422508837458318 -0.0555555555555556
3.6 -0.0420641665766319 -0.0555555555555556
3.7 -0.0418399853198034 -0.0555555555555556
3.8 -0.0397810829486347 -0.0555555555555556
3.9 -0.0397090840786285 -0.0555555555555556
4 -0.0395933616049894 -0.0555555555555556
4.1 -0.0394410911910228 -0.0555555555555556
4.2 -0.0392583371968736 -0.0555555555555556
4.3 -0.0361346077168725 -0.0555555555555556
4.4 -0.0361581201932792 -0.0555555555555556
4.5 -0.0361404827354526 -0.0555555555555556
4.6 -0.0360872997291232 -0.0555555555555556
4.7 -0.036003430360145 -0.0555555555555556
4.8 -0.0358930949183301 -0.0555555555555556
4.9 -0.0357599646242096 -0.0555555555555556
5 -0.0356072377509844 -0.0555555555555556
5.1 -0.0308415946273738 -0.0555555555555556
5.2 -0.0309366153641091 -0.0555555555555556
5.3 -0.0309996141762071 -0.0555555555555556
5.4 -0.0310340731045862 -0.0555555555555556
5.5 -0.0310430919023189 -0.0555555555555556
5.6 -0.0310294338169932 -0.0555555555555556
5.7 -0.0309955653383132 -0.0555555555555556
5.8 -0.0309436907833927 -0.0555555555555556
5.9 -0.0308757824547075 -0.0555555555555556
5.99999999999999 -0.0307936069916446 -0.0555555555555556


The numerical energies converge toward the analytical values for smaller dr's, which is to be expected.
