0.2 0.14522006790492 0.145982953825657
0.4 0.23810395780866 0.239041467444457
0.6 0.29279782927039 0.293565900986499
0.8 0.320049072086389 0.320468574923591
1 0.327971847106274 0.327971847106274
1.2 0.322647120424209 0.322224764843635
1.4 0.308591930377507 0.307784545110939
1.6 0.289125563794375 0.287991625605078
1.8 0.266654549164917 0.265261050575773
2 0.242893822261729 0.241308199666843
2.2 0.219037833670555 0.217323088440839
2.4 0.195892441167688 0.194104468211347
2.6 0.173976169670381 0.172162572220684
2.8 0.153597599793155 0.151797468745012
3 0.134914191195328 0.133158488465288
3.2 0.117976725719311 0.116289012842572
3.4 0.102762641639704 0.1011599780005
3.6 0.0892008156750486 0.0876947134973305
3.8 0.0771897980082819 0.0757871565349955
4 0.0666110499795818 0.0653150270984587
4.2 0.0573383988166917 0.0561491923898114
4.4 0.0492446351292606 0.0481601691686036
4.6 0.0422059868963645 0.0412224939159454
4.8 0.036105008198758 0.0352175201609264
5 0.0308323191850224 0.0300350695863482
5.2 0.0262875141072903 0.0255742605468277
5.4 0.0223794763966811 0.0217437579660289
5.6 0.0190262926476202 0.0184616271614675
5.8 0.0161548949026115 0.0156549269771301
6 0.0137005300284143 0.0132591415379654
6.2 0.0116061391712362 0.0112175225010975
6.4 0.00982168596585078 0.0094803929238635
6.6 0.00830347641387666 0.00800444827671836
6.8 0.00701350213063231 0.00675207850998263
7 0.00591880519039084 0.00569072650929973
7.2 0.0049908953477851 0.0047922920233918
7.4 0.00420521038107904 0.00403258565887232
7.6 0.00354062242636593 0.00339083437694378
7.8 0.00297900068343604 0.00284923776149784
8 0.00250481708058001 0.00239257290068651
8.2 0.0021047944794645 0.00200784483809236
8.4 0.0017676044271797 0.0016839790557784
8.6 0.00148359126399782 0.0014115522367075
8.8 0.00124453845482205 0.00118255753334445
9 0.00104346565553128 0.000990200679374803
9.2 0.000874446837416494 0.00082872347565448
9.4 0.000732458948860881 0.000693251425648952
9.6 0.00061324972670575 0.000579662565236375
9.8 0.000513218237279762 0.000484474809578907
10 0.000429324787836957 0.000404749413973317
10.2 0.000359001137859178 0.00033800840836045
10.4 0.000300080738577954 0.000282164111639791
10.6 0.000250738374735002 0.000235459059376242
10.8 0.000209434878310703 0.000196414885700297
11 0.000174874557718713 0.00016378888704967
11.2 0.000145969522178722 0.000136537162455253
11.4 0.0001218031740868 0.000113783373372979
11.6 0.000101606787018463 9.47922969162442E-05
11.8 8.47346684286742E-05 7.89474612029909E-05
12 7.06430961263111E-05 6.57322518959182E-05
12.2 5.88785999504556E-05 5.47139663645276E-05
12.4 4.90600870433586E-05 4.5530367654128E-05
12.6 4.08678725330232E-05 3.78783559425007E-05
12.8 3.40357399524651E-05 3.15044316303842E-05
13 2.8338495091741E-05 2.61966727689451E-05
13.2 2.35892443038726E-05 2.17779911877059E-05
13.4 1.96315883423348E-05 1.81004673548125E-05
13.6 1.63344781485736E-05 1.50405944814312E-05
13.8 1.35881589508898E-05 1.2495288382501E-05
14 1.13018698095272E-05 1.03785417494669E-05
14.2 9.39747300518338E-06 8.61862032099788E-06
14.4 7.81272697285924E-06 7.15571442852216E-06
14.6 6.49358361478273E-06 5.93997295541485E-06
14.8 5.39622879919667E-06 4.92985823695444E-06
15 4.48344510554375E-06 4.09077014889466E-06
15.2 3.72462351875777E-06 3.39389584900243E-06
15.4 3.09320719232179E-06 2.81524857411571E-06
15.6 2.56904521881266E-06 2.33486474863146E-06
15.8 2.13314094612668E-06 1.93613359416153E-06
16 1.77118300095129E-06 1.60523758542527E-06
16.2 1.47054681994873E-06 1.33068559439911E-06
16.4 1.22050390901413E-06 1.10292350546441E-06
16.6 1.01254954375576E-06 9.14009555535996E-07
16.8 8.40115926009798E-07 7.57343728492223E-07
17 6.96324610790341E-07 6.27442274990745E-07
17.2 5.77459086140962E-07 5.1974988968456E-07
17.4 4.7861787982275E-07 4.30483302530772E-07
17.6 3.96733389379899E-07 3.5650106695666E-07
17.8 3.29120999808081E-07 2.95195186875059E-07
18 2.73149414805449E-07 2.44400943696283E-07
18.2 2.26450361229188E-07 2.02321886115265E-07
18.4 1.88147902736846E-07 1.67467448536971E-07
18.6 1.55819011896777E-07 1.38601084498643E-07
18.8 1.28965738482047E-07 1.14697152765225E-07
19 1.06793252529645E-07 9.49050871770262E-08
19.2 8.79024309077603E-08 7.85196262690135E-08
19.4 7.27528460790792E-08 6.49560830877419E-08
19.6 6.01838723907002E-08 5.37298061514995E-08
19.8 4.97338341145806E-08 4.44391247006323E-08
20 4.15472491250517E-08 3.6751189931591E-08
20.2 3.45801008334631E-08 3.03902227032954E-08
20.4 2.8738529176421E-08 2.51277605133447E-08
20.6 2.41531446812822E-08 2.07745650950015E-08
20.8 1.98985865373037E-08 1.71739090661185E-08
21 1.63858690004416E-08 1.41960075751402E-08
21.2 1.3633346823755E-08 1.1733400429578E-08
21.4 1.07913430968404E-08 9.69712308845766E-09
21.6 9.06024788571641E-09 8.01353226169632E-09
21.8 7.32752705890575E-09 6.62167461179846E-09
22 6.0388881287281E-09 5.47110596854185E-09
22.2 5.25880300019084E-09 4.52008418897364E-09
22.4 4.38538628114971E-09 3.73407185932971E-09
22.6 3.76073771174008E-09 3.08449588923486E-09
22.8 3.39811425426813E-09 2.54772006387211E-09
23 2.90417905346335E-09 2.10419410658314E-09
23.2 2.47034566622858E-09 1.73774902050945E-09
23.4 2.08713250947808E-09 1.43501363805173E-09
23.6 1.19605238732794E-09 1.18493158969226E-09
23.8 1.05495170350903E-09 9.78361457628655E-10
24 5.2908337400069E-10 8.07745828221964E-10
24.2 5.35665205542012E-10 6.66837403154396E-10
24.4 4.63967102284822E-10 5.50472357771489E-10
24.6 5.60685966784035E-10 4.54382817272985E-10
24.8 5.66412068781415E-10 3.75041716140481E-10
25 8.45530901976481E-10 3.09534462390479E-10
25.2 6.87621093746132E-10 2.55452786564517E-10
25.4 7.90857580527489E-10 2.1080694956047E-10
25.6 4.09416811107826E-10 1.73953141485572E-10
25.8 7.9116309107312E-11 1.43533448923519E-10
26 -3.92812196771728E-10 1.18426219649413E-10
26.2 -4.72118952511331E-10 9.77050279054169E-11
26.4 -4.51115053755613E-10 8.06047531457936E-11
26.6 4.12499951117005E-11 6.64935416859683E-11
26.8 7.87964603536806E-11 5.48496330793704E-11
27 2.23656244092415E-10 4.52422088702368E-11
27.2 9.94981265869397E-12 3.7315566907679E-11
27.4 2.64445454323999E-10 3.07760448590607E-11
27.6 2.94785391564145E-10 2.53812162410397E-11
27.8 3.16290896466529E-10 2.09309647674026E-11
28 -2.35441846004081E-10 1.72601110541942E-11
28.2 -7.25523021873441E-10 1.42323221767643E-11
28.4 -7.4337381056531E-10 1.17350812712338E-11
28.6 -3.85458244369241E-10 9.67553299653439E-12
28.8 9.04693666751397E-11 7.97705261540153E-12
29 9.86310249833057E-11 6.57641286664448E-12
29.2 -1.1536029588077E-10 5.42144464133445E-12
29.4 -2.44848354511351E-10 4.4691055324222E-12
29.6 1.61955208892309E-10 3.68388525473102E-12
29.8 4.34052493320508E-10 3.03648927148623E-12
30 5.21271922642904E-10 2.50275216237296E-12


0.2 -0.051669583826393 -0.0519318475567228
0.4 -0.0831867447731506 -0.083537562412555
0.6 -0.0988963545021798 -0.0992091348706422
0.8 -0.102406286802377 -0.102592157076495
1 -0.0966971067914952 -0.0966971067914952
1.2 -0.084216723048831 -0.0839953540231334
1.4 -0.0669619637544248 -0.0665018718536448
1.6 -0.0465487599786232 -0.0458463863029411
1.8 -0.0242724485674671 -0.0233344832673557
2 -0.00115948134479597 0
2.2 0.0219882983595264 0.0233501388488717
2.4 0.0445558399554904 0.0460976276657328
2.6 0.0660826364286501 0.0677801448912976
2.8 0.0862353039012571 0.0880636059657056
3 0.104784313182578 0.106718632828052
3.2 0.121584311053432 0.123600655596111
3.4 0.136557519487802 0.138633138241451
3.6 0.149679787680534 0.151793486755704
3.8 0.160968913069741 0.163101256623965
4 0.170474904152733 0.172608327394209
4.2 0.178271905386322 0.180390756650968
4.4 0.184451535457573 0.186542064554989
4.6 0.189117428682791 0.191167733992663
4.8 0.192380792767151 0.194380740901235
5 0.194356832409423 0.19629795503682
5.2 0.195161896059469 0.197037273806192
5.4 0.194911233435168 0.196715371207275
5.6 0.193717260700497 0.195445960784036
5.8 0.191688252296496 0.193338486121593
6 0.188927381873972 0.190497165069957
6.2 0.185532053867864 0.187020324838801
6.4 0.181593469116958 0.182999974569217
6.6 0.177196383460696 0.178521570153127
6.8 0.17241901823669 0.173663933104719
7 0.167333095481152 0.168499291338098
7.2 0.162003962972778 0.163093414899974
7.4 0.156490796002747 0.157505824158465
7.6 0.150846851132728 0.151790051757388
7.8 0.145119761107864 0.145993942895918
8 0.139351851006526 0.14015998126136
8.2 0.133580474145439 0.13432563029359
8.4 0.127838354754077 0.12852368145065
8.6 0.122153931062903 0.122782602825834
8.8 0.116551692490782 0.117126882880698
9 0.111052510189443 0.111577365243439
9.2 0.105673957155628 0.106151571510718
9.4 0.100430611216312 0.100864009811674
9.6 0.0953343445726142 0.0957264675701009
9.8 0.0903945966818569 0.0907482874559074
10 0.0856186312748958 0.0859366259683813
10.2 0.081011773392208 0.0812966944573479
10.4 0.0765776313913556 0.0768319826777124
10.6 0.0723183019544097 0.072544465199896
10.8 0.0682345580255659 0.0684347911734242
11 0.0643260212302623 0.0645024580720742
11.2 0.0605913187382379 0.0607459701439628
11.4 0.0570282269900309 0.0571629823550886
11.6 0.0536338006764604 0.0537504306555338
11.8 0.0504044899181143 0.0505046494183624
12 0.0473362447740514 0.0474214769061111
12.2 0.0444246094474072 0.044496349611935
12.4 0.0416648063040646 0.0417243863046997
12.6 0.0390518096462691 0.0391004625819207
12.8 0.0365804115636595 0.0366192767033653
13 0.0342452800779695 0.0342754074429564
13.2 0.0320410094390568 0.0320633646586643
13.4 0.0299621640058719 0.0299776332404332
13.6 0.0280033160326321 0.028012711055733
13.8 0.0261590796594199 0.026163141471765
14 0.0244241364015498 0.0244235409932424
14.2 0.0227932606191432 0.02278862251545
14.4 0.0212613372819472 0.0212532146542998
14.6 0.0198233803823451 0.0198122775785901
14.8 0.018474542622629 0.018460915734824
15 0.0172101283090873 0.0171943878218704
15.2 0.0160255996072253 0.016008114341529
15.4 0.0149165831757539 0.0148976830217236
15.6 0.0138788727225975 0.0138588523815974
15.8 0.0129084317774794 0.0128875536822011
16 0.0120013949571119 0.0119798914826958
16.2 0.0111540663573188 0.0111321430000018
16.4 0.0103629193545898 0.0103407564495142
16.6 0.0096245928160522 0.00960234852583261
16.8 0.00893588931375594 0.00891370116530269
17 0.00829377040025912 0.00827175771648542
17.2 0.00769535347983919 0.00767361863034305
17.4 0.0071379066147233 0.00711653676889466
17.6 0.00661884311373003 0.00659791241924887
17.8 0.0061357177876761 0.00611528808918961
18 0.00568622073747523 0.00566634315079112
18.2 0.00526817279999954 0.00524888838979144
18.4 0.00487951846400162 0.00486086051058653
18.6 0.00451832263365858 0.0045003166396487
18.8 0.00418276394189024 0.00416542886385559
19 0.00387113002800902 0.00385447883457855
19.2 0.00358181150143616 0.00356585246336004
19.4 0.00331329758430952 0.00329803473055647
19.6 0.00306417117646827 0.00304960462438149
19.8 0.00283310337765877 0.00281923022431002
20 0.00261884928470975 0.00260566393974833
20.2 0.00242024294504497 0.00240773791220225
20.4 0.00223619364264636 0.00222435958684371
20.6 0.00206568134363228 0.00205450745735321
20.8 0.0019077524090361 0.00189722698616854
21 0.00176151602830805 0.00175162670077118
21.2 0.00162614033175442 0.00161687446536273
21.4 0.0015008495112609 0.0014921939262023
21.6 0.00138491914799877 0.00137686112796843
21.8 0.00127767423338381 0.00127020129775681
22 0.00117848548664282 0.00117158579270968
22.2 0.00108676711213304 0.00108042920677733
22.4 0.00100197314426238 0.000996186631722928
22.6 0.000923595463181894 0.000918351067184768
22.8 0.00085116136990806 0.000846450974393247
23 0.000784231225355284 0.000780047967993454
23.2 0.000722396128842431 0.000718734640337434
23.4 0.000665275933297699 0.000662132512575407
23.6 0.000612517372718724 0.000609890106884381
23.8 0.000563792460307064 0.000561681134219071
24 0.000518796326614703 0.000517202792047727
24.2 0.000477245903283831 0.00047617416663921
24.4 0.000438878208965536 0.000438334734592593
24.6 0.00040344954002344 0.000403442958442728
24.8 0.000370733284134839 0.000371274971330889
25 0.000340519142472204 0.000341623345895656
25.2 0.000312612092574116 0.000314295942712967
25.4 0.000286831117105749 0.000289114833793232
25.6 0.000263007946275009 0.000265915296825621
25.8 0.000240986236531963 0.000244544876043339
26 0.000220621277770664 0.000224862505767342
26.2 0.000201778361612621 0.000206737692868286
26.4 0.000184332004811535 0.000190049754566519
26.6 0.000168165726879826 0.000174687108166635
26.8 0.000153171297538184 0.000160546609495932
27 0.000139247649290689 0.000147532936984293
27.2 0.000126300200744489 0.000135558018486267
27.4 0.000114241153983792 0.000124540498103943
27.6 0.000102988185809192 0.000114405240421444
27.8 9.24640276585747E-05 0.000105082869708258
28 8.25959618776976E-05 9.65093417891166E-05
28.2 7.331595778574E-05 8.86255464126086E-05
28.4 6.45593332224423E-05 8.13769380792419E-05
28.6 5.62647082225656E-05 7.4713193412229E-05
28.8 4.83738232832886E-05 6.85878932709675E-05
29 4.08313306769763E-05 6.29582279181093E-05
29.2 3.35834786289857E-05 5.77847236564066E-05
29.4 2.6578510577764E-05 5.30309894513124E-05
29.6 1.97662988290412E-05 4.86634821497823E-05
29.8 1.30980740955317E-05 4.46512889950375E-05
30 6.52529059012892E-06 4.09659262213891E-05


0.2 0.028449138520043 0.0285783264434191
0.4 0.0456446433054216 0.0458187995781641
0.6 0.053913412853703 0.0540697526320993
0.8 0.055232548920435 0.0553259985796452
1 0.0512730943242239 0.0512730943242239
1.2 0.0434389181174918 0.0433266848382142
1.4 0.0329012366009842 0.0326674305319785
1.6 0.0206292277023356 0.0202719726992462
1.8 0.00741713873074446 0.00694034790768852
2 -0.00609174441606048 -0.00667977772241992
2.2 -0.0193839425057106 -0.0200717196415172
2.4 -0.0320571357364359 -0.0328309295547134
2.6 -0.0438037622282159 -0.0446484216295548
2.8 -0.0543966188145665 -0.0552962252054583
3 -0.0636762482367357 -0.0646146434581266
3.2 -0.0715399125941991 -0.0725011196372027
3.4 -0.077931981135513 -0.0789005325587216
3.6 -0.0828355729247723 -0.0837967611861663
3.8 -0.0862653128396573 -0.087205374549053
4 -0.088261072470745 -0.0891673180845962
4.2 -0.0888825828520945 -0.0897434808908306
4.4 -0.0882048167525226 -0.0890100404804827
4.6 -0.0863140493233292 -0.0870544925441403
4.8 -0.0833045153695357 -0.0839722830783876
5 -0.0792755889486589 -0.0798639691093821
5.2 -0.0743294221087808 -0.074832842235703
5.4 -0.0685689840698553 -0.0689829564089405
5.6 -0.0620964508794043 -0.0624175078417261
5.8 -0.0550118957443848 -0.0552375207492147
6 -0.0474122434382175 -0.0475407978537353
6.2 -0.0393904506996835 -0.0394210992700664
6.4 -0.0310348827839422 -0.0309675175920531
6.6 -0.0224288548191767 -0.022264020766826
6.8 -0.0136503158062004 -0.0133891377132029
7 -0.00477165192967863 -0.0044157646545005
7.2 0.00414040814865593 0.00458892717204771
7.4 0.0130248046828296 0.0135634993650277
7.6 0.021826088737597 0.022452184562609
7.8 0.0304943078747341 0.0312047678893834
8 0.0389848462039045 0.039776422840938
8.2 0.0472582282416066 0.0481275112964738
8.4 0.0552798952184605 0.0562233560160987
8.6 0.06301996160992 0.0640339927989158
8.8 0.0704529566603657 0.0715339084348205
9 0.0775575574253355 0.0787017696627448
9.2 0.0843163161883515 0.0855201475379832
9.4 0.0907153876395328 0.0919752408995639
9.6 0.0967442571119203 0.0980566020048601
9.8 0.102395474513082 0.103756866853281
10 0.10766439408878 0.109071492245407
10.2 0.112548922076851 0.113998501210638
10.4 0.117049274045881 0.118538238078399
10.6 0.121167742653786 0.122693134158948
10.8 0.124908477246505 0.126467484734327
11 0.128277273734206 0.129867237832894
11.2 0.131281377451318 0.132899795067766
11.4 0.133929297123419 0.135573824656282
11.6 0.136230631744312 0.137899086600718
11.8 0.1381959086466 0.13988626989671
12 0.139836433667045 0.141546841542256
12.2 0.141164152597027 0.14289290704429
12.4 0.142191522968204 0.143937082059256
12.6 0.14293139769093 0.144692374756922
12.8 0.143396917679608 0.145172078460982
13 0.143601415748972 0.145389674094262
13.2 0.143558327287844 0.145358741939048
13.4 0.143281112045102 0.145092882213082
13.6 0.142783182596059 0.144605643957877
13.8 0.142077842033158 0.143910461737277
14 0.141178227178939 0.143020599649779
14.2 0.140097260044293 0.141949102167254
14.4 0.138847604648213 0.140708751324711
14.6 0.13744163011543 0.139312029800071
14.8 0.135891378976023 0.13777108943907
15 0.134208540909387 0.136097724797886
15.2 0.13240443073994 0.134303351294649
15.4 0.130489970170104 0.13239898758016
15.6 0.128475673816969 0.130395241757781
15.8 0.126371639299752 0.128302301102239
16 0.124187539858818 0.126129924946863
16.2 0.121932619378257 0.123887440428352
16.4 0.119615690079732 0.121583740797444
16.6 0.117245133742295 0.119227286022694
16.8 0.114828904039345 0.116826105432857
17 0.112374530462876 0.114387802161106
17.2 0.109889123544914 0.111919559171384
17.4 0.107379382671046 0.109428146663532
17.6 0.104851604365881 0.106919930669519
17.8 0.102311691491932 0.104400882668008
18 0.0997651632273414 0.101876590058645
18.2 0.0972171661972971 0.0993522673508993
18.4 0.0946724860233401 0.0968327679349362
18.6 0.0921355592595245 0.0943225963139558
18.8 0.0896104854584928 0.0918259206886438
19 0.0871010401263061 0.0893465857948944
19.2 0.0846106869970737 0.0868881259057988
19.4 0.0821425912936024 0.0844537779180691
19.6 0.0796996320361669 0.0820464944515979
19.8 0.0772844154837106 0.0796689568987947
20 0.0748992871925765 0.0773235883676776
20.2 0.0725463448782603 0.0750125664694987
20.4 0.07022745041925 0.072737835907945
20.6 0.0679442424030823 0.0705011208327229
20.8 0.0656981474887531 0.0683039369256286
21 0.0634903918318777 0.0661476031920534
21.2 0.0613220127719366 0.0640332534353028
21.4 0.059193869526748 0.0619618473951419
21.6 0.0571066533856797 0.0599341815356436
21.8 0.0550608975379527 0.057950899470738
22 0.0530569876780514 0.0560125020188576
22.2 0.0510951713173772 0.0541193568807706
22.4 0.0491755658454228 0.0522717079371134
22.6 0.047298167329947 0.0504696841642918
22.8 0.0454628591273126 0.0487133081693435
23 0.0436694202274621 0.0470025043460475
23.2 0.0419175311990513 0.0453371066560667
23.4 0.0402067820073206 0.0437168660402108
23.6 0.0385366784276682 0.0421414574660427
23.8 0.0369066489440662 0.0406104866190277
24 0.0353160497642504 0.0391234962452533
24.2 0.0337641707251081 0.0376799721544476
24.4 0.0322502405459874 0.0362793488926035
24.6 0.0307734313979203 0.034921015093984
24.8 0.0293328637947947 0.0336043185226554
25 0.0279276104820126 0.0323285708139791
25.2 0.0265567006102592 0.0310930519266922
25.4 0.0252191224921254 0.0298970143163368
25.6 0.0239138276632561 0.0287396868408681
25.8 0.0226397337775604 0.0276202784092748
26 0.0213957269233986 0.0265379813840066
26.2 0.0201806642408382 0.0254919747479187
26.4 0.0189933758391697 0.0244814270463139
26.6 0.0178326673650421 0.0235054991145082
26.8 0.0166973205140447 0.0225633466011553
27 0.0155860953110049 0.0216541222973516
27.2 0.0144977311204611 0.0207769782813102
27.4 0.0134309476092594 0.0199310678881398
27.6 0.0123844450898978 0.0191155475139967
27.8 0.0113569050677887 0.0183295782636017
28 0.0103469912899606 0.0175723274498243
28.2 0.0093533491019026 0.0168429699537452
28.4 0.00837460549061953 0.0161406894533077
28.6 0.00740936845962169 0.0154646795283679
28.8 0.00645622711533174 0.0148141446496531
29 0.00551375122923503 0.014188301058833
29.2 0.0045804894778383 0.0135863775466136
29.4 0.00365496898061303 0.0130076161354602
29.6 0.00273569318486675 0.0124512726732689
29.8 0.00182114196936462 0.0119166173440153
30 0.000909768890249907 0.0114029351011262


