1 2.30299757093148 -0.5
2 -0.118367940103363 -0.5
3 -0.417737392391783 -0.5
4 -0.477869091932378 -0.5
5 -0.491361845741621 -0.5
6 -0.494333917499432 -0.5
7 -0.494950375343916 -0.5
8 -0.495070533911525 -0.5
9 -0.495092785618731 -0.5
10 -0.495096746302707 -0.5
11 -0.495097430026167 -0.5
12 -0.495097545238775 -0.5
13 -0.495097564277823 -0.5
14 -0.495097567373812 -0.5
15 -0.495097567870504 -0.5
16 -0.495097567949278 -0.5
17 -0.495097567961649 -0.5
18 -0.495097567963577 -0.5
19 -0.495097567963872 -0.5
20 -0.49509756796392 -0.5
21 -0.495097567963923 -0.5
22 -0.495097567963925 -0.5
23 -0.495097567963927 -0.5
24 -0.495097567963925 -0.5
25 -0.495097567963923 -0.5
26 -0.495097567963923 -0.5
27 -0.495097567963925 -0.5
28 -0.495097567963923 -0.5
29 -0.495097567963925 -0.5
30 -0.495097567963925 -0.5


1 14.4218301024171 -0.125
2 3.21103091150257 -0.125
3 1.09474511324827 -0.125
4 0.417297445375668 -0.125
5 0.141155561323343 -0.125
6 0.0132234666086422 -0.125
7 -0.0506926236509966 -0.125
8 -0.0842180964934477 -0.125
9 -0.102373863959999 -0.125
10 -0.112394354813417 -0.125
11 -0.117968403752655 -0.125
12 -0.121063907173273 -0.125
13 -0.122766825606795 -0.125
14 -0.123689397580277 -0.125
15 -0.124179668515011 -0.125
16 -0.124434695095043 -0.125
17 -0.124564475511798 -0.125
18 -0.124629126079693 -0.125
19 -0.124660694965517 -0.125
20 -0.124675831024618 -0.125
21 -0.124682969694334 -0.125
22 -0.124686287307843 -0.125
23 -0.124687808988957 -0.125
24 -0.124688498777127 -0.125
25 -0.124688808182211 -0.125
26 -0.1246889456535 -0.125
27 -0.124689006209929 -0.125
28 -0.124689032677256 -0.125
29 -0.12468904416288 -0.125
30 -0.124689049114545 -0.125


1 29.9183757912698 -0.0555555555555556
2 8.60596197637852 -0.0555555555555556
3 3.60325744895535 -0.0555555555555556
4 1.83481491529387 -0.0555555555555556
5 1.03958053667451 -0.0555555555555556
6 0.626188262915057 -0.0555555555555556
7 0.38984882772545 -0.0555555555555556
8 0.245460330369838 -0.0555555555555556
9 0.152874753067869 -0.0555555555555556
10 0.0913107211467001 -0.0555555555555556
11 0.0492265319676758 -0.0555555555555556
12 0.019846872217691 -0.0555555555555556
13 -0.000989652877090243 -0.0555555555555556
14 -0.0159384269988465 -0.0555555555555556
15 -0.0267502351245504 -0.0555555555555556
16 -0.0346119986209506 -0.0555555555555556
17 -0.0403470114584799 -0.0555555555555556
18 -0.0445367401805217 -0.0555555555555556
19 -0.047597525656435 -0.0555555555555556
20 -0.0498305528518261 -0.0555555555555556
21 -0.0514554046387478 -0.0555555555555556
22 -0.0526331396684377 -0.0555555555555556
23 -0.0534824428248283 -0.0555555555555556
24 -0.0540910667755789 -0.0555555555555556
25 -0.0545240141376815 -0.0555555555555556
26 -0.0548294398020368 -0.0555555555555556
27 -0.0550429488384267 -0.0555555555555556
28 -0.0551907594744682 -0.0555555555555556
29 -0.0552920573199948 -0.0555555555555556
30 -0.0553607663404411 -0.0555555555555556


As expected the numerical energies converge towards the analytical values for large r's
